set Nodes := 1 2 3 4 5 6 7 8 9 10 ;
set Arcs := (1, 2) (1, 3) (1, 4) (1, 5) (1, 6) (1, 7) (1, 8) (1, 9) (1, 10) (2, 1) (2, 3) (2, 4) (2, 5) (2, 6) (2, 7) (2, 8) (2, 9) (2, 10) (3, 1) (3, 2) (3, 4) (3, 5) (3, 6) (3, 7) (3, 8) (3, 9) (3, 10) (4, 1) (4, 2) (4, 3) (4, 5) (4, 6) (4, 7) (4, 8) (4, 9) (4, 10) (5, 1) (5, 2) (5, 3) (5, 4) (5, 6) (5, 7) (5, 8) (5, 9) (5, 10) (6, 1) (6, 2) (6, 3) (6, 4) (6, 5) (6, 7) (6, 8) (6, 9) (6, 10) (7, 1) (7, 2) (7, 3) (7, 4) (7, 5) (7, 6) (7, 8) (7, 9) (7, 10) (8, 1) (8, 2) (8, 3) (8, 4) (8, 5) (8, 6) (8, 7) (8, 9) (8, 10) (9, 1) (9, 2) (9, 3) (9, 4) (9, 5) (9, 6) (9, 7) (9, 8) (9, 10) (10, 1) (10, 2) (10, 3) (10, 4) (10, 5) (10, 6) (10, 7) (10, 8) (10, 9) ;


param b :=
1		5
2		1
3		6
4		3
5		1
6		0
7		0
8		0
9		0
10		-16
;

param:		u		c :=
1,2		5		7
1,3		7		5
1,4		5		9
1,5		7		5
1,6		5		7
1,7		5		1
1,8		7		6
1,9		5		10
1,10		8		6
2,1		8		2
2,3		5		7
2,4		7		7
2,5		8		1
2,6		7		3
2,7		7		0
2,8		8		4
2,9		6		2
2,10		8		3
3,1		6		10
3,2		8		7
3,4		8		3
3,5		5		1
3,6		8		2
3,7		8		1
3,8		7		6
3,9		7		5
3,10		7		9
4,1		8		7
4,2		8		0
4,3		8		3
4,5		6		0
4,6		5		3
4,7		7		0
4,8		5		1
4,9		6		1
4,10		6		1
5,1		5		7
5,2		7		3
5,3		8		0
5,4		5		10
5,6		5		6
5,7		6		7
5,8		7		6
5,9		5		8
5,10		6		3
6,1		8		4
6,2		5		6
6,3		5		6
6,4		6		2
6,5		5		0
6,7		8		0
6,8		8		9
6,9		8		6
6,10		8		8
7,1		5		2
7,2		5		0
7,3		8		10
7,4		8		2
7,5		8		2
7,6		7		9
7,8		6		10
7,9		5		9
7,10		6		3
8,1		7		6
8,2		6		4
8,3		8		6
8,4		5		5
8,5		5		4
8,6		7		7
8,7		8		0
8,9		5		3
8,10		6		1
9,1		8		3
9,2		7		2
9,3		7		0
9,4		6		4
9,5		8		3
9,6		7		3
9,7		6		7
9,8		7		4
9,10		8		3
10,1		6		1
10,2		6		4
10,3		6		7
10,4		7		9
10,5		5		0
10,6		6		7
10,7		8		1
10,8		6		1
10,9		6		5
;

end;
