set Nodes := 1 2 3 4 5 6 7 8 9 10 ;
set Arcs := (1, 8) (1, 4) (2, 1) (2, 5) (2, 7) (3, 8) (3, 10) (4, 2) (4, 6) (5, 1) (5, 6) (6, 2) (7, 1) (7, 3) (7, 4) (8, 2) (9, 2) (9, 5) (10, 8) (10, 1) (10, 2) (10, 5) ;


param b :=
1		4
2		4
3		1
4		6
5		2
6		0
7		0
8		0
9		0
10		-17
;

param:		u		c :=
1,8		7		1
1,4		8		1
2,1		8		6
2,5		6		2
2,7		7		3
3,8		7		4
3,10		6		4
4,2		7		5
4,6		6		3
5,1		5		9
5,6		6		10
6,2		5		1
7,1		5		2
7,3		6		10
7,4		5		0
8,2		6		5
9,2		6		7
9,5		5		7
10,8		5		2
10,1		5		1
10,2		6		9
10,5		7		2
;

end;
