set Nodes := 1 2 3 4 5 6 7 8 9 10 ;
set Arcs := (1, 3) (1, 4) (1, 5) (1, 6) (1, 7) (1, 8) (1, 10) (2, 1) (2, 3) (2, 4) (2, 5) (2, 6) (2, 7) (2, 8) (2, 9) (2, 10) (3, 9) (3, 10) (3, 2) (3, 6) (3, 7) (4, 1) (4, 3) (4, 5) (4, 6) (4, 7) (4, 10) (5, 1) (5, 3) (5, 4) (5, 6) (5, 7) (5, 8) (5, 9) (5, 10) (6, 1) (6, 3) (6, 4) (6, 5) (6, 7) (6, 9) (6, 10) (7, 1) (7, 3) (7, 4) (7, 5) (7, 6) (7, 8) (7, 9) (8, 1) (8, 10) (8, 2) (8, 6) (8, 5) (9, 1) (9, 2) (9, 4) (9, 6) (9, 7) (9, 8) (9, 10) (10, 2) (10, 3) (10, 4) (10, 7) (10, 8) (10, 9) ;


param b :=
1		5
2		2
3		4
4		8
5		1
6		0
7		0
8		0
9		0
10		-20
;

param:		u		c :=
1,3		5		3
1,4		6		1
1,5		7		0
1,6		5		9
1,7		5		9
1,8		5		4
1,10		5		2
2,1		5		4
2,3		5		3
2,4		5		10
2,5		5		4
2,6		7		7
2,7		8		9
2,8		8		7
2,9		7		2
2,10		5		4
3,9		6		1
3,10		5		3
3,2		5		6
3,6		7		10
3,7		7		6
4,1		6		8
4,3		8		4
4,5		5		0
4,6		6		3
4,7		6		5
4,10		7		10
5,1		6		1
5,3		7		10
5,4		8		4
5,6		5		2
5,7		6		10
5,8		5		8
5,9		5		2
5,10		6		0
6,1		8		7
6,3		6		8
6,4		5		10
6,5		6		5
6,7		7		10
6,9		5		10
6,10		7		6
7,1		6		8
7,3		7		10
7,4		5		2
7,5		5		6
7,6		6		0
7,8		7		2
7,9		6		4
8,1		7		5
8,10		7		9
8,2		8		6
8,6		5		5
8,5		6		9
9,1		6		2
9,2		7		7
9,4		8		1
9,6		6		5
9,7		6		3
9,8		5		1
9,10		5		3
10,2		7		10
10,3		8		1
10,4		5		5
10,7		7		10
10,8		8		9
10,9		6		2
;

end;
