set Nodes := 1 2 3 4 5 6 7 8 9 10 11 12 13 14 15 16 17 18 19 20 ;
set Arcs := (1, 2) (1, 3) (1, 4) (1, 6) (1, 7) (1, 9) (1, 10) (1, 11) (1, 12) (1, 13) (1, 14) (1, 15) (1, 16) (1, 18) (1, 19) (1, 20) (2, 1) (2, 3) (2, 4) (2, 5) (2, 6) (2, 8) (2, 10) (2, 11) (2, 12) (2, 13) (2, 14) (2, 17) (2, 19) (2, 20) (3, 1) (3, 2) (3, 5) (3, 6) (3, 7) (3, 9) (3, 10) (3, 13) (3, 14) (3, 15) (3, 17) (3, 18) (3, 19) (3, 20) (4, 1) (4, 2) (4, 3) (4, 5) (4, 6) (4, 14) (4, 15) (4, 16) (4, 18) (4, 19) (4, 20) (5, 1) (5, 3) (5, 6) (5, 7) (5, 9) (5, 10) (5, 11) (5, 12) (5, 14) (5, 15) (5, 16) (5, 17) (6, 2) (6, 4) (6, 5) (6, 7) (6, 8) (6, 9) (6, 10) (6, 11) (6, 12) (6, 14) (6, 15) (6, 18) (6, 19) (6, 20) (7, 1) (7, 2) (7, 3) (7, 5) (7, 6) (7, 8) (7, 10) (7, 11) (7, 12) (7, 13) (7, 14) (7, 16) (7, 17) (7, 19) (7, 20) (8, 1) (8, 2) (8, 3) (8, 4) (8, 5) (8, 6) (8, 7) (8, 9) (8, 11) (8, 12) (8, 13) (8, 14) (8, 15) (8, 17) (8, 18) (8, 19) (9, 2) (9, 3) (9, 5) (9, 7) (9, 10) (9, 12) (9, 13) (9, 14) (9, 16) (9, 19) (9, 20) (10, 1) (10, 2) (10, 4) (10, 5) (10, 7) (10, 8) (10, 12) (10, 14) (10, 15) (10, 16) (10, 17) (10, 19) (10, 20) (11, 2) (11, 3) (11, 6) (11, 7) (11, 10) (11, 12) (11, 13) (11, 14) (11, 15) (11, 17) (11, 18) (11, 20) (12, 1) (12, 2) (12, 3) (12, 4) (12, 6) (12, 8) (12, 9) (12, 10) (12, 11) (12, 13) (12, 14) (12, 15) (12, 16) (12, 17) (12, 20) (13, 1) (13, 2) (13, 3) (13, 6) (13, 7) (13, 8) (13, 9) (13, 10) (13, 11) (13, 15) (13, 16) (13, 17) (13, 18) (13, 19) (13, 20) (14, 1) (14, 2) (14, 3) (14, 4) (14, 5) (14, 6) (14, 7) (14, 8) (14, 9) (14, 11) (14, 13) (14, 15) (14, 16) (14, 17) (14, 18) (14, 19) (14, 20) (15, 1) (15, 2) (15, 3) (15, 4) (15, 5) (15, 6) (15, 7) (15, 8) (15, 9) (15, 11) (15, 12) (15, 13) (15, 14) (15, 16) (15, 17) (15, 19) (15, 20) (16, 1) (16, 2) (16, 3) (16, 4) (16, 6) (16, 7) (16, 9) (16, 10) (16, 11) (16, 12) (16, 13) (16, 15) (16, 17) (16, 18) (16, 19) (16, 20) (17, 1) (17, 3) (17, 4) (17, 5) (17, 6) (17, 7) (17, 9) (17, 10) (17, 12) (17, 14) (17, 15) (17, 16) (17, 18) (17, 19) (17, 20) (18, 1) (18, 3) (18, 4) (18, 5) (18, 7) (18, 9) (18, 11) (18, 12) (18, 13) (18, 14) (18, 15) (18, 16) (18, 17) (18, 20) (19, 2) (19, 3) (19, 5) (19, 7) (19, 9) (19, 10) (19, 12) (19, 13) (19, 14) (19, 15) (19, 16) (19, 17) (19, 18) (19, 20) (20, 3) (20, 4) (20, 6) (20, 7) (20, 8) (20, 9) (20, 10) (20, 11) (20, 13) (20, 14) (20, 16) (20, 17) (20, 18) (20, 19) ;


param b :=
1		8
2		2
3		5
4		3
5		2
6		4
7		1
8		1
9		3
10		8
11		0
12		0
13		0
14		0
15		0
16		0
17		0
18		0
19		0
20		-37
;

param:		u		c :=
1,2		7		6
1,3		7		2
1,4		7		3
1,6		7		10
1,7		6		6
1,9		8		2
1,10		5		3
1,11		5		6
1,12		6		7
1,13		6		5
1,14		7		1
1,15		6		8
1,16		7		9
1,18		6		1
1,19		6		2
1,20		8		6
2,1		8		10
2,3		7		9
2,4		7		10
2,5		6		10
2,6		6		2
2,8		5		8
2,10		7		8
2,11		5		4
2,12		6		8
2,13		7		8
2,14		5		1
2,17		5		3
2,19		6		2
2,20		5		4
3,1		8		9
3,2		6		5
3,5		7		4
3,6		7		3
3,7		7		0
3,9		5		3
3,10		8		5
3,13		8		4
3,14		8		1
3,15		6		1
3,17		6		6
3,18		8		2
3,19		6		3
3,20		5		1
4,1		7		4
4,2		7		0
4,3		6		4
4,5		7		8
4,6		8		0
4,14		6		5
4,15		5		4
4,16		8		9
4,18		6		0
4,19		5		8
4,20		8		8
5,1		8		8
5,3		8		10
5,6		6		1
5,7		8		5
5,9		6		7
5,10		7		1
5,11		5		4
5,12		5		2
5,14		8		5
5,15		8		7
5,16		8		7
5,17		8		7
6,2		7		4
6,4		7		1
6,5		7		0
6,7		7		8
6,8		7		7
6,9		8		7
6,10		8		1
6,11		8		10
6,12		5		1
6,14		5		9
6,15		7		8
6,18		6		8
6,19		6		9
6,20		8		4
7,1		6		2
7,2		5		9
7,3		5		9
7,5		7		0
7,6		7		0
7,8		8		7
7,10		6		8
7,11		7		8
7,12		8		8
7,13		5		10
7,14		6		0
7,16		8		2
7,17		5		3
7,19		7		10
7,20		6		3
8,1		6		5
8,2		5		3
8,3		7		9
8,4		5		3
8,5		7		3
8,6		5		10
8,7		6		0
8,9		6		7
8,11		8		2
8,12		7		6
8,13		6		5
8,14		7		0
8,15		5		4
8,17		8		4
8,18		5		2
8,19		5		7
9,2		7		0
9,3		7		4
9,5		8		8
9,7		8		2
9,10		5		5
9,12		7		6
9,13		5		1
9,14		7		1
9,16		6		8
9,19		5		6
9,20		6		4
10,1		8		1
10,2		5		5
10,4		6		5
10,5		7		2
10,7		5		1
10,8		7		3
10,12		7		2
10,14		7		9
10,15		5		4
10,16		8		2
10,17		7		5
10,19		5		4
10,20		8		9
11,2		6		3
11,3		7		7
11,6		5		5
11,7		7		7
11,10		8		9
11,12		8		3
11,13		8		4
11,14		5		8
11,15		5		0
11,17		5		5
11,18		6		1
11,20		7		6
12,1		6		2
12,2		6		10
12,3		7		9
12,4		5		7
12,6		8		4
12,8		7		6
12,9		7		8
12,10		8		1
12,11		7		10
12,13		6		5
12,14		5		2
12,15		7		0
12,16		5		5
12,17		7		5
12,20		7		6
13,1		6		4
13,2		5		2
13,3		7		5
13,6		6		9
13,7		7		0
13,8		8		9
13,9		6		7
13,10		8		5
13,11		7		2
13,15		6		10
13,16		6		1
13,17		7		9
13,18		5		2
13,19		5		3
13,20		7		4
14,1		6		7
14,2		7		9
14,3		8		1
14,4		7		7
14,5		6		1
14,6		8		5
14,7		7		0
14,8		6		5
14,9		8		3
14,11		8		10
14,13		6		7
14,15		6		5
14,16		8		1
14,17		7		9
14,18		5		8
14,19		7		10
14,20		7		5
15,1		6		2
15,2		6		7
15,3		6		1
15,4		7		3
15,5		7		10
15,6		5		5
15,7		5		9
15,8		8		3
15,9		5		4
15,11		8		0
15,12		8		3
15,13		5		3
15,14		8		7
15,16		7		5
15,17		7		1
15,19		6		3
15,20		7		2
16,1		5		5
16,2		7		8
16,3		5		6
16,4		8		1
16,6		5		1
16,7		6		5
16,9		7		1
16,10		6		5
16,11		6		2
16,12		5		10
16,13		5		9
16,15		6		2
16,17		8		1
16,18		8		6
16,19		7		0
16,20		8		6
17,1		7		0
17,3		6		8
17,4		6		9
17,5		7		0
17,6		8		4
17,7		7		8
17,9		7		5
17,10		7		1
17,12		5		2
17,14		6		6
17,15		5		5
17,16		7		3
17,18		6		9
17,19		8		6
17,20		7		10
18,1		8		2
18,3		8		5
18,4		6		10
18,5		8		9
18,7		5		8
18,9		6		10
18,11		5		8
18,12		6		6
18,13		5		10
18,14		6		9
18,15		8		5
18,16		6		4
18,17		7		8
18,20		7		4
19,2		7		2
19,3		8		1
19,5		7		2
19,7		6		7
19,9		8		4
19,10		5		6
19,12		8		2
19,13		7		1
19,14		5		3
19,15		6		1
19,16		8		4
19,17		5		5
19,18		7		6
19,20		5		9
20,3		5		8
20,4		8		6
20,6		7		3
20,7		8		5
20,8		7		8
20,9		7		6
20,10		8		3
20,11		8		3
20,13		7		8
20,14		6		1
20,16		7		9
20,17		6		9
20,18		8		9
20,19		8		3
;

end;
