set Nodes := 1 2 3 4 5 6 7 8 9 10 11 12 13 14 15 16 17 18 19 20 ;
set Arcs := (1, 2) (1, 3) (1, 4) (1, 5) (1, 6) (1, 7) (1, 8) (1, 9) (1, 10) (1, 11) (1, 12) (1, 13) (1, 14) (1, 15) (1, 16) (1, 17) (1, 18) (1, 19) (1, 20) (2, 1) (2, 3) (2, 4) (2, 5) (2, 6) (2, 7) (2, 8) (2, 9) (2, 10) (2, 11) (2, 12) (2, 13) (2, 14) (2, 15) (2, 16) (2, 17) (2, 18) (2, 19) (2, 20) (3, 1) (3, 2) (3, 4) (3, 5) (3, 6) (3, 7) (3, 8) (3, 9) (3, 10) (3, 11) (3, 12) (3, 13) (3, 14) (3, 15) (3, 16) (3, 17) (3, 18) (3, 19) (3, 20) (4, 1) (4, 2) (4, 3) (4, 5) (4, 6) (4, 7) (4, 8) (4, 9) (4, 10) (4, 11) (4, 12) (4, 13) (4, 14) (4, 15) (4, 16) (4, 17) (4, 18) (4, 19) (4, 20) (5, 1) (5, 2) (5, 3) (5, 4) (5, 6) (5, 7) (5, 8) (5, 9) (5, 10) (5, 11) (5, 12) (5, 13) (5, 14) (5, 15) (5, 16) (5, 17) (5, 18) (5, 19) (5, 20) (6, 1) (6, 2) (6, 3) (6, 4) (6, 5) (6, 7) (6, 8) (6, 9) (6, 10) (6, 11) (6, 12) (6, 13) (6, 14) (6, 15) (6, 16) (6, 17) (6, 18) (6, 19) (6, 20) (7, 1) (7, 2) (7, 3) (7, 4) (7, 5) (7, 6) (7, 8) (7, 9) (7, 10) (7, 11) (7, 12) (7, 13) (7, 14) (7, 15) (7, 16) (7, 17) (7, 18) (7, 19) (7, 20) (8, 1) (8, 2) (8, 3) (8, 4) (8, 5) (8, 6) (8, 7) (8, 9) (8, 10) (8, 11) (8, 12) (8, 13) (8, 14) (8, 15) (8, 16) (8, 17) (8, 18) (8, 19) (8, 20) (9, 1) (9, 2) (9, 3) (9, 4) (9, 5) (9, 6) (9, 7) (9, 8) (9, 10) (9, 11) (9, 12) (9, 13) (9, 14) (9, 15) (9, 16) (9, 17) (9, 18) (9, 19) (9, 20) (10, 1) (10, 2) (10, 3) (10, 4) (10, 5) (10, 6) (10, 7) (10, 8) (10, 9) (10, 11) (10, 12) (10, 13) (10, 14) (10, 15) (10, 16) (10, 17) (10, 18) (10, 19) (10, 20) (11, 1) (11, 2) (11, 3) (11, 4) (11, 5) (11, 6) (11, 7) (11, 8) (11, 9) (11, 10) (11, 12) (11, 13) (11, 14) (11, 15) (11, 16) (11, 17) (11, 18) (11, 19) (11, 20) (12, 1) (12, 2) (12, 3) (12, 4) (12, 5) (12, 6) (12, 7) (12, 8) (12, 9) (12, 10) (12, 11) (12, 13) (12, 14) (12, 15) (12, 16) (12, 17) (12, 18) (12, 19) (12, 20) (13, 1) (13, 2) (13, 3) (13, 4) (13, 5) (13, 6) (13, 7) (13, 8) (13, 9) (13, 10) (13, 11) (13, 12) (13, 14) (13, 15) (13, 16) (13, 17) (13, 18) (13, 19) (13, 20) (14, 1) (14, 2) (14, 3) (14, 4) (14, 5) (14, 6) (14, 7) (14, 8) (14, 9) (14, 10) (14, 11) (14, 12) (14, 13) (14, 15) (14, 16) (14, 17) (14, 18) (14, 19) (14, 20) (15, 1) (15, 2) (15, 3) (15, 4) (15, 5) (15, 6) (15, 7) (15, 8) (15, 9) (15, 10) (15, 11) (15, 12) (15, 13) (15, 14) (15, 16) (15, 17) (15, 18) (15, 19) (15, 20) (16, 1) (16, 2) (16, 3) (16, 4) (16, 5) (16, 6) (16, 7) (16, 8) (16, 9) (16, 10) (16, 11) (16, 12) (16, 13) (16, 14) (16, 15) (16, 17) (16, 18) (16, 19) (16, 20) (17, 1) (17, 2) (17, 3) (17, 4) (17, 5) (17, 6) (17, 7) (17, 8) (17, 9) (17, 10) (17, 11) (17, 12) (17, 13) (17, 14) (17, 15) (17, 16) (17, 18) (17, 19) (17, 20) (18, 1) (18, 2) (18, 3) (18, 4) (18, 5) (18, 6) (18, 7) (18, 8) (18, 9) (18, 10) (18, 11) (18, 12) (18, 13) (18, 14) (18, 15) (18, 16) (18, 17) (18, 19) (18, 20) (19, 1) (19, 2) (19, 3) (19, 4) (19, 5) (19, 6) (19, 7) (19, 8) (19, 9) (19, 10) (19, 11) (19, 12) (19, 13) (19, 14) (19, 15) (19, 16) (19, 17) (19, 18) (19, 20) (20, 1) (20, 2) (20, 3) (20, 4) (20, 5) (20, 6) (20, 7) (20, 8) (20, 9) (20, 10) (20, 11) (20, 12) (20, 13) (20, 14) (20, 15) (20, 16) (20, 17) (20, 18) (20, 19) ;


param b :=
1		1
2		10
3		5
4		10
5		5
6		10
7		2
8		8
9		5
10		9
11		0
12		0
13		0
14		0
15		0
16		0
17		0
18		0
19		0
20		-65
;

param:		u		c :=
1,2		7		5
1,3		7		5
1,4		5		1
1,5		5		7
1,6		8		9
1,7		8		10
1,8		5		9
1,9		6		3
1,10		6		10
1,11		5		9
1,12		6		3
1,13		5		1
1,14		7		4
1,15		7		1
1,16		8		6
1,17		8		6
1,18		8		7
1,19		7		5
1,20		6		6
2,1		6		5
2,3		8		5
2,4		6		7
2,5		7		6
2,6		6		0
2,7		8		6
2,8		5		2
2,9		7		2
2,10		6		4
2,11		8		7
2,12		5		9
2,13		5		2
2,14		7		1
2,15		6		0
2,16		6		10
2,17		5		7
2,18		8		8
2,19		8		8
2,20		7		5
3,1		7		10
3,2		7		5
3,4		7		0
3,5		7		2
3,6		6		8
3,7		5		3
3,8		5		0
3,9		8		1
3,10		7		5
3,11		6		2
3,12		5		7
3,13		7		0
3,14		8		8
3,15		6		0
3,16		6		1
3,17		5		3
3,18		6		9
3,19		5		10
3,20		5		2
4,1		5		10
4,2		7		1
4,3		8		0
4,5		8		7
4,6		8		5
4,7		7		4
4,8		8		5
4,9		8		6
4,10		5		0
4,11		5		3
4,12		5		0
4,13		7		5
4,14		7		4
4,15		5		5
4,16		7		3
4,17		7		8
4,18		8		1
4,19		5		8
4,20		6		5
5,1		8		5
5,2		5		8
5,3		8		10
5,4		8		8
5,6		5		9
5,7		8		7
5,8		5		8
5,9		5		4
5,10		7		5
5,11		7		7
5,12		5		9
5,13		8		4
5,14		6		8
5,15		7		6
5,16		8		3
5,17		7		5
5,18		6		2
5,19		8		9
5,20		8		4
6,1		6		3
6,2		7		0
6,3		5		9
6,4		6		1
6,5		5		7
6,7		5		6
6,8		7		0
6,9		5		8
6,10		7		10
6,11		7		7
6,12		8		2
6,13		8		7
6,14		7		2
6,15		8		4
6,16		6		10
6,17		7		1
6,18		8		7
6,19		7		3
6,20		8		0
7,1		5		2
7,2		8		9
7,3		6		10
7,4		5		8
7,5		8		0
7,6		7		0
7,8		8		8
7,9		7		2
7,10		5		9
7,11		5		2
7,12		6		10
7,13		5		0
7,14		7		1
7,15		6		2
7,16		8		6
7,17		8		4
7,18		5		8
7,19		6		10
7,20		6		6
8,1		6		3
8,2		7		10
8,3		8		1
8,4		5		0
8,5		5		2
8,6		8		6
8,7		5		1
8,9		7		10
8,10		7		6
8,11		8		1
8,12		7		0
8,13		5		8
8,14		8		6
8,15		5		0
8,16		7		6
8,17		5		9
8,18		8		1
8,19		5		9
8,20		5		7
9,1		5		7
9,2		7		8
9,3		6		1
9,4		6		2
9,5		6		0
9,6		7		3
9,7		7		7
9,8		6		7
9,10		5		2
9,11		6		4
9,12		8		1
9,13		5		7
9,14		8		2
9,15		8		6
9,16		6		4
9,17		6		9
9,18		6		1
9,19		6		6
9,20		5		3
10,1		7		10
10,2		7		7
10,3		7		0
10,4		7		9
10,5		7		3
10,6		8		9
10,7		6		2
10,8		8		10
10,9		5		3
10,11		8		6
10,12		8		1
10,13		5		6
10,14		5		0
10,15		7		4
10,16		7		5
10,17		6		3
10,18		5		9
10,19		7		7
10,20		5		9
11,1		6		10
11,2		7		6
11,3		8		9
11,4		7		5
11,5		6		7
11,6		5		6
11,7		6		7
11,8		7		5
11,9		8		6
11,10		5		1
11,12		8		1
11,13		8		8
11,14		5		1
11,15		7		2
11,16		7		4
11,17		7		9
11,18		8		0
11,19		8		6
11,20		6		9
12,1		7		7
12,2		6		1
12,3		7		4
12,4		6		10
12,5		6		8
12,6		8		9
12,7		5		5
12,8		6		1
12,9		7		10
12,10		5		5
12,11		5		5
12,13		5		7
12,14		5		10
12,15		6		10
12,16		7		0
12,17		7		9
12,18		6		0
12,19		7		6
12,20		7		7
13,1		6		1
13,2		5		10
13,3		8		7
13,4		5		5
13,5		7		5
13,6		8		3
13,7		8		4
13,8		6		2
13,9		6		4
13,10		6		9
13,11		5		2
13,12		6		0
13,14		8		10
13,15		7		9
13,16		7		2
13,17		6		5
13,18		6		4
13,19		6		0
13,20		8		1
14,1		8		8
14,2		6		8
14,3		5		3
14,4		6		4
14,5		5		6
14,6		5		7
14,7		7		10
14,8		8		10
14,9		5		4
14,10		6		7
14,11		8		9
14,12		8		1
14,13		5		5
14,15		7		6
14,16		6		10
14,17		7		8
14,18		6		10
14,19		6		8
14,20		8		10
15,1		8		5
15,2		5		0
15,3		5		3
15,4		6		2
15,5		7		9
15,6		5		4
15,7		6		8
15,8		7		2
15,9		5		3
15,10		5		7
15,11		5		2
15,12		6		10
15,13		6		10
15,14		7		1
15,16		8		10
15,17		6		7
15,18		7		7
15,19		7		5
15,20		8		9
16,1		7		3
16,2		6		9
16,3		7		8
16,4		8		8
16,5		7		5
16,6		7		1
16,7		8		10
16,8		7		4
16,9		6		9
16,10		8		3
16,11		5		4
16,12		8		9
16,13		5		7
16,14		6		10
16,15		8		2
16,17		7		1
16,18		8		1
16,19		5		8
16,20		6		6
17,1		5		4
17,2		5		4
17,3		8		8
17,4		8		8
17,5		7		0
17,6		6		3
17,7		7		5
17,8		8		8
17,9		5		7
17,10		7		2
17,11		6		8
17,12		7		10
17,13		6		8
17,14		8		9
17,15		7		10
17,16		8		3
17,18		6		7
17,19		5		9
17,20		6		7
18,1		7		1
18,2		5		7
18,3		6		9
18,4		8		8
18,5		8		0
18,6		5		3
18,7		5		3
18,8		6		9
18,9		7		0
18,10		7		0
18,11		7		10
18,12		7		5
18,13		7		0
18,14		8		5
18,15		5		3
18,16		7		10
18,17		6		5
18,19		8		8
18,20		7		6
19,1		7		10
19,2		6		4
19,3		5		10
19,4		7		1
19,5		8		2
19,6		6		1
19,7		6		1
19,8		5		7
19,9		7		1
19,10		8		1
19,11		5		10
19,12		5		9
19,13		6		1
19,14		7		6
19,15		6		10
19,16		7		10
19,17		8		8
19,18		7		2
19,20		8		1
20,1		6		2
20,2		6		7
20,3		7		9
20,4		5		7
20,5		8		0
20,6		6		9
20,7		5		3
20,8		8		3
20,9		6		3
20,10		7		10
20,11		7		6
20,12		6		10
20,13		8		4
20,14		8		2
20,15		8		4
20,16		5		6
20,17		5		0
20,18		8		8
20,19		7		9
;

end;
