set Nodes := 1 2 3 4 5 6 7 8 9 10 11 12 13 14 15 16 17 18 19 20 ;
set Arcs := (1, 19) (1, 12) (2, 10) (2, 6) (2, 15) (3, 2) (3, 6) (3, 8) (3, 12) (3, 13) (3, 15) (3, 20) (4, 1) (4, 18) (4, 12) (4, 6) (5, 12) (5, 10) (5, 20) (5, 6) (6, 8) (6, 16) (7, 14) (7, 6) (7, 15) (8, 1) (8, 4) (8, 11) (8, 13) (8, 16) (8, 19) (9, 1) (9, 18) (9, 13) (10, 18) (10, 20) (10, 13) (11, 12) (11, 20) (11, 5) (12, 17) (12, 7) (12, 4) (12, 5) (12, 1) (13, 1) (13, 3) (13, 5) (13, 8) (13, 9) (13, 15) (14, 2) (14, 19) (15, 3) (15, 6) (15, 7) (15, 8) (15, 13) (15, 17) (15, 18) (15, 20) (16, 1) (16, 2) (16, 6) (16, 7) (16, 12) (16, 13) (16, 17) (17, 1) (17, 6) (17, 9) (17, 10) (17, 13) (17, 15) (17, 16) (17, 20) (18, 1) (18, 4) (18, 13) (18, 5) (19, 16) (19, 17) (19, 2) (19, 13) (19, 7) (20, 4) (20, 6) (20, 7) (20, 8) (20, 10) (20, 12) (20, 13) (20, 14) (20, 15) (20, 17) ;


param b :=
1		5
2		6
3		8
4		5
5		8
6		6
7		5
8		1
9		10
10		2
11		0
12		0
13		0
14		0
15		0
16		0
17		0
18		0
19		0
20		-56
;

param:		u		c :=
1,19		6		5
1,12		8		9
2,10		6		3
2,6		5		9
2,15		5		0
3,2		7		5
3,6		7		0
3,8		6		2
3,12		5		6
3,13		7		3
3,15		8		6
3,20		5		1
4,1		8		9
4,18		5		0
4,12		5		9
4,6		6		8
5,12		7		2
5,10		6		6
5,20		8		9
5,6		5		5
6,8		7		5
6,16		6		4
7,14		5		6
7,6		8		4
7,15		7		1
8,1		8		2
8,4		6		0
8,11		6		1
8,13		6		2
8,16		5		4
8,19		6		9
9,1		5		4
9,18		6		8
9,13		6		7
10,18		6		3
10,20		8		1
10,13		7		0
11,12		5		3
11,20		6		4
11,5		8		8
12,17		5		3
12,7		7		7
12,4		6		0
12,5		7		4
12,1		7		1
13,1		6		8
13,3		6		4
13,5		7		5
13,8		6		7
13,9		5		1
13,15		6		6
14,2		5		3
14,19		7		7
15,3		5		7
15,6		5		10
15,7		8		10
15,8		8		1
15,13		6		4
15,17		7		6
15,18		8		8
15,20		8		2
16,1		8		10
16,2		5		4
16,6		8		6
16,7		6		8
16,12		7		6
16,13		8		6
16,17		8		3
17,1		8		6
17,6		6		6
17,9		7		4
17,10		8		2
17,13		6		10
17,15		5		4
17,16		7		3
17,20		5		3
18,1		7		9
18,4		8		3
18,13		6		8
18,5		7		7
19,16		7		6
19,17		5		7
19,2		5		4
19,13		6		6
19,7		6		4
20,4		6		1
20,6		5		8
20,7		5		0
20,8		7		6
20,10		8		2
20,12		6		7
20,13		8		10
20,14		5		1
20,15		7		2
20,17		6		10
;

end;
