set Nodes := 1 2 3 4 5 6 7 8 9 10 11 12 13 14 15 16 17 18 19 20 ;
set Arcs := (1, 2) (1, 4) (1, 6) (1, 7) (1, 8) (1, 9) (1, 11) (1, 16) (1, 17) (1, 20) (2, 1) (2, 6) (2, 9) (2, 10) (2, 11) (2, 12) (2, 16) (2, 17) (2, 19) (3, 1) (3, 2) (3, 6) (3, 7) (3, 10) (3, 13) (3, 15) (3, 19) (4, 6) (4, 8) (4, 9) (4, 11) (4, 15) (4, 17) (5, 2) (5, 3) (5, 4) (5, 6) (5, 7) (5, 8) (5, 9) (5, 10) (5, 11) (5, 12) (5, 20) (6, 1) (6, 2) (6, 3) (6, 5) (6, 9) (6, 12) (6, 19) (7, 1) (7, 3) (7, 6) (7, 9) (7, 10) (7, 14) (7, 15) (7, 18) (7, 20) (8, 1) (8, 3) (8, 5) (8, 6) (8, 7) (8, 9) (8, 11) (8, 13) (8, 14) (8, 15) (9, 1) (9, 2) (9, 5) (9, 6) (9, 10) (9, 11) (9, 13) (9, 14) (9, 15) (9, 17) (9, 18) (9, 20) (10, 4) (10, 5) (10, 6) (10, 7) (10, 8) (10, 13) (10, 14) (10, 16) (10, 17) (10, 20) (11, 1) (11, 2) (11, 5) (11, 6) (11, 9) (11, 10) (11, 12) (11, 13) (11, 14) (11, 15) (11, 20) (12, 4) (12, 5) (12, 7) (12, 8) (12, 9) (12, 10) (12, 11) (12, 13) (12, 17) (12, 18) (12, 20) (13, 3) (13, 4) (13, 5) (13, 11) (13, 12) (13, 17) (13, 20) (14, 3) (14, 4) (14, 10) (14, 15) (14, 17) (14, 18) (14, 20) (15, 1) (15, 2) (15, 3) (15, 4) (15, 5) (15, 8) (15, 9) (15, 10) (15, 11) (15, 12) (15, 17) (15, 18) (15, 19) (16, 1) (16, 2) (16, 5) (16, 14) (16, 15) (16, 17) (16, 18) (16, 19) (17, 1) (17, 2) (17, 6) (17, 8) (17, 9) (17, 10) (17, 11) (17, 15) (17, 18) (17, 19) (17, 20) (18, 2) (18, 3) (18, 6) (18, 7) (18, 8) (18, 9) (18, 10) (18, 13) (18, 15) (18, 17) (18, 20) (19, 3) (19, 6) (19, 8) (19, 10) (19, 12) (19, 15) (19, 20) (20, 1) (20, 2) (20, 3) (20, 4) (20, 8) (20, 9) (20, 12) (20, 13) (20, 14) (20, 16) (20, 18) (20, 19) ;


param b :=
1		5
2		6
3		10
4		8
5		10
6		6
7		4
8		1
9		10
10		7
11		0
12		0
13		0
14		0
15		0
16		0
17		0
18		0
19		0
20		-67
;

param:		u		c :=
1,2		6		7
1,4		7		7
1,6		8		3
1,7		5		3
1,8		6		5
1,9		5		2
1,11		5		0
1,16		6		3
1,17		5		2
1,20		5		10
2,1		6		7
2,6		7		8
2,9		8		6
2,10		8		9
2,11		5		0
2,12		7		8
2,16		8		0
2,17		8		10
2,19		8		5
3,1		7		0
3,2		6		6
3,6		5		5
3,7		7		7
3,10		6		3
3,13		7		5
3,15		8		9
3,19		5		5
4,6		5		6
4,8		8		8
4,9		5		7
4,11		5		5
4,15		5		2
4,17		6		10
5,2		7		7
5,3		6		8
5,4		5		8
5,6		8		10
5,7		5		8
5,8		7		2
5,9		8		6
5,10		6		9
5,11		7		4
5,12		5		1
5,20		5		6
6,1		8		6
6,2		8		3
6,3		5		1
6,5		6		5
6,9		7		1
6,12		5		8
6,19		7		1
7,1		8		7
7,3		5		10
7,6		5		5
7,9		5		3
7,10		6		7
7,14		6		2
7,15		8		1
7,18		6		2
7,20		6		8
8,1		6		7
8,3		7		4
8,5		7		1
8,6		6		3
8,7		7		1
8,9		7		5
8,11		6		7
8,13		6		4
8,14		5		2
8,15		5		3
9,1		5		3
9,2		5		4
9,5		6		6
9,6		6		3
9,10		5		2
9,11		6		4
9,13		5		9
9,14		6		3
9,15		5		6
9,17		7		9
9,18		8		10
9,20		5		3
10,4		6		0
10,5		7		3
10,6		7		1
10,7		7		0
10,8		7		0
10,13		6		0
10,14		7		8
10,16		5		7
10,17		7		6
10,20		6		4
11,1		6		8
11,2		6		7
11,5		8		3
11,6		7		2
11,9		6		5
11,10		6		1
11,12		8		0
11,13		8		9
11,14		6		9
11,15		5		0
11,20		8		2
12,4		8		6
12,5		5		2
12,7		6		4
12,8		5		10
12,9		5		0
12,10		6		8
12,11		5		7
12,13		8		2
12,17		5		1
12,18		5		0
12,20		8		8
13,3		7		4
13,4		8		10
13,5		8		0
13,11		6		0
13,12		5		0
13,17		7		9
13,20		5		3
14,3		6		9
14,4		5		4
14,10		6		5
14,15		7		8
14,17		8		0
14,18		7		6
14,20		7		9
15,1		8		0
15,2		6		9
15,3		6		7
15,4		8		8
15,5		7		10
15,8		7		5
15,9		5		1
15,10		8		5
15,11		8		3
15,12		8		8
15,17		8		9
15,18		6		0
15,19		8		7
16,1		8		4
16,2		8		4
16,5		8		3
16,14		8		2
16,15		7		1
16,17		5		7
16,18		5		5
16,19		5		6
17,1		6		6
17,2		7		9
17,6		5		1
17,8		7		0
17,9		6		5
17,10		8		10
17,11		7		2
17,15		5		5
17,18		6		10
17,19		6		7
17,20		8		5
18,2		7		10
18,3		5		6
18,6		6		4
18,7		8		3
18,8		8		2
18,9		6		6
18,10		6		4
18,13		6		2
18,15		6		0
18,17		7		10
18,20		6		2
19,3		7		2
19,6		8		8
19,8		8		10
19,10		7		3
19,12		7		8
19,15		6		5
19,20		8		7
20,1		5		2
20,2		6		5
20,3		5		7
20,4		6		1
20,8		6		4
20,9		5		1
20,12		8		2
20,13		6		10
20,14		5		10
20,16		7		5
20,18		6		1
20,19		5		4
;

end;
