set Nodes := 1 2 3 4 5 6 7 8 9 10 11 12 13 14 15 16 17 18 19 20 21 22 23 24 25 26 27 28 29 30 ;
set Arcs := (1, 3) (1, 4) (1, 5) (1, 6) (1, 7) (1, 11) (1, 12) (1, 17) (1, 18) (1, 19) (1, 20) (1, 21) (1, 23) (1, 24) (1, 26) (1, 28) (2, 1) (2, 3) (2, 4) (2, 5) (2, 6) (2, 7) (2, 9) (2, 13) (2, 15) (2, 16) (2, 17) (2, 18) (2, 19) (2, 20) (2, 22) (2, 25) (2, 26) (2, 27) (2, 29) (3, 1) (3, 2) (3, 5) (3, 8) (3, 9) (3, 10) (3, 11) (3, 12) (3, 13) (3, 15) (3, 16) (3, 17) (3, 19) (3, 23) (3, 24) (3, 25) (3, 27) (3, 30) (4, 1) (4, 2) (4, 6) (4, 7) (4, 9) (4, 10) (4, 12) (4, 13) (4, 17) (4, 19) (4, 21) (4, 24) (5, 2) (5, 9) (5, 10) (5, 14) (5, 18) (5, 21) (5, 22) (5, 24) (5, 27) (6, 2) (6, 4) (6, 7) (6, 9) (6, 10) (6, 12) (6, 15) (6, 16) (6, 17) (6, 18) (6, 20) (6, 21) (6, 23) (6, 24) (6, 25) (6, 27) (6, 30) (7, 1) (7, 3) (7, 10) (7, 13) (7, 14) (7, 15) (7, 18) (7, 19) (7, 22) (7, 25) (7, 29) (7, 30) (8, 1) (8, 3) (8, 4) (8, 7) (8, 9) (8, 10) (8, 15) (8, 16) (8, 18) (8, 19) (8, 21) (8, 22) (8, 23) (8, 24) (8, 27) (8, 30) (9, 1) (9, 2) (9, 4) (9, 7) (9, 8) (9, 13) (9, 14) (9, 15) (9, 17) (9, 18) (9, 23) (9, 27) (9, 28) (10, 1) (10, 2) (10, 3) (10, 4) (10, 6) (10, 9) (10, 12) (10, 13) (10, 14) (10, 15) (10, 18) (10, 19) (10, 21) (10, 23) (10, 25) (10, 26) (10, 28) (10, 29) (10, 30) (11, 2) (11, 3) (11, 5) (11, 7) (11, 8) (11, 9) (11, 10) (11, 13) (11, 16) (11, 21) (11, 22) (11, 23) (11, 26) (11, 29) (12, 5) (12, 8) (12, 9) (12, 11) (12, 15) (12, 16) (12, 17) (12, 20) (12, 23) (12, 24) (12, 25) (12, 26) (12, 29) (12, 30) (13, 3) (13, 5) (13, 6) (13, 8) (13, 12) (13, 15) (13, 18) (13, 19) (13, 20) (13, 22) (13, 23) (13, 24) (13, 25) (14, 3) (14, 6) (14, 8) (14, 10) (14, 12) (14, 15) (14, 18) (14, 19) (14, 21) (14, 23) (14, 25) (14, 27) (14, 29) (15, 2) (15, 3) (15, 4) (15, 5) (15, 6) (15, 8) (15, 10) (15, 11) (15, 18) (15, 19) (15, 21) (15, 23) (15, 25) (15, 27) (15, 28) (15, 29) (15, 30) (16, 3) (16, 4) (16, 8) (16, 9) (16, 10) (16, 14) (16, 15) (16, 17) (16, 18) (16, 19) (16, 20) (16, 22) (16, 23) (16, 24) (16, 26) (16, 27) (16, 28) (16, 29) (17, 1) (17, 5) (17, 7) (17, 8) (17, 9) (17, 11) (17, 12) (17, 13) (17, 14) (17, 15) (17, 19) (17, 21) (17, 23) (17, 24) (17, 27) (17, 29) (18, 1) (18, 3) (18, 7) (18, 8) (18, 9) (18, 11) (18, 12) (18, 14) (18, 15) (18, 16) (18, 19) (18, 22) (18, 27) (18, 28) (18, 30) (19, 5) (19, 7) (19, 8) (19, 10) (19, 12) (19, 14) (19, 16) (19, 22) (19, 23) (19, 26) (19, 27) (19, 28) (20, 2) (20, 3) (20, 4) (20, 7) (20, 8) (20, 10) (20, 11) (20, 13) (20, 14) (20, 15) (20, 17) (20, 21) (20, 24) (20, 29) (21, 4) (21, 5) (21, 6) (21, 7) (21, 10) (21, 13) (21, 14) (21, 16) (21, 17) (21, 18) (21, 19) (21, 23) (21, 25) (21, 26) (21, 27) (21, 28) (21, 30) (22, 1) (22, 4) (22, 9) (22, 10) (22, 12) (22, 13) (22, 14) (22, 15) (22, 16) (22, 18) (22, 20) (22, 27) (22, 28) (22, 30) (23, 2) (23, 5) (23, 6) (23, 7) (23, 8) (23, 9) (23, 10) (23, 12) (23, 13) (23, 14) (23, 15) (23, 16) (23, 17) (23, 19) (23, 20) (23, 25) (23, 29) (23, 30) (24, 1) (24, 2) (24, 5) (24, 8) (24, 11) (24, 13) (24, 14) (24, 16) (24, 19) (25, 2) (25, 3) (25, 5) (25, 7) (25, 10) (25, 12) (25, 14) (25, 15) (25, 16) (25, 19) (25, 20) (25, 21) (25, 23) (25, 24) (25, 27) (25, 28) (25, 29) (26, 2) (26, 8) (26, 11) (26, 12) (26, 16) (26, 20) (26, 22) (26, 23) (26, 28) (26, 30) (27, 2) (27, 3) (27, 4) (27, 5) (27, 8) (27, 12) (27, 13) (27, 15) (27, 16) (27, 17) (27, 23) (27, 24) (27, 25) (27, 26) (27, 30) (28, 1) (28, 3) (28, 4) (28, 9) (28, 11) (28, 16) (28, 18) (28, 19) (28, 21) (28, 23) (28, 24) (29, 5) (29, 6) (29, 7) (29, 8) (29, 12) (29, 17) (29, 18) (29, 20) (29, 22) (29, 24) (29, 27) (30, 2) (30, 3) (30, 4) (30, 5) (30, 6) (30, 9) (30, 10) (30, 11) (30, 12) (30, 15) (30, 16) (30, 18) (30, 19) (30, 20) (30, 24) (30, 27) ;


param b :=
1		10
2		8
3		10
4		6
5		4
6		4
7		3
8		9
9		1
10		2
11		1
12		6
13		9
14		9
15		4
16		0
17		0
18		0
19		0
20		0
21		0
22		0
23		0
24		0
25		0
26		0
27		0
28		0
29		0
30		-86
;

param:		u		c :=
1,3		6		8
1,4		5		10
1,5		7		4
1,6		8		0
1,7		6		10
1,11		6		4
1,12		5		3
1,17		7		3
1,18		6		9
1,19		6		2
1,20		5		0
1,21		5		0
1,23		7		5
1,24		7		9
1,26		6		10
1,28		5		6
2,1		7		3
2,3		8		9
2,4		8		7
2,5		8		8
2,6		5		4
2,7		7		5
2,9		8		7
2,13		8		3
2,15		6		3
2,16		8		8
2,17		5		8
2,18		6		10
2,19		5		1
2,20		6		7
2,22		8		7
2,25		5		4
2,26		5		4
2,27		8		1
2,29		8		0
3,1		6		8
3,2		8		9
3,5		6		0
3,8		8		2
3,9		8		1
3,10		5		9
3,11		7		5
3,12		6		7
3,13		6		4
3,15		6		2
3,16		5		10
3,17		8		2
3,19		7		5
3,23		5		8
3,24		7		6
3,25		5		6
3,27		5		4
3,30		7		4
4,1		5		4
4,2		8		4
4,6		7		6
4,7		7		3
4,9		7		0
4,10		6		3
4,12		5		6
4,13		6		9
4,17		5		9
4,19		7		7
4,21		7		2
4,24		7		5
5,2		6		4
5,9		7		5
5,10		8		2
5,14		5		4
5,18		8		3
5,21		6		3
5,22		6		2
5,24		6		8
5,27		8		3
6,2		6		1
6,4		6		4
6,7		8		6
6,9		7		4
6,10		7		0
6,12		8		2
6,15		6		9
6,16		6		7
6,17		8		4
6,18		6		0
6,20		7		6
6,21		8		3
6,23		8		9
6,24		8		2
6,25		5		7
6,27		6		9
6,30		6		9
7,1		8		9
7,3		6		0
7,10		8		6
7,13		8		1
7,14		6		4
7,15		7		4
7,18		8		4
7,19		7		4
7,22		7		8
7,25		8		0
7,29		6		4
7,30		5		9
8,1		8		9
8,3		7		2
8,4		8		5
8,7		7		8
8,9		7		2
8,10		5		5
8,15		8		3
8,16		5		2
8,18		5		4
8,19		6		6
8,21		7		5
8,22		8		3
8,23		7		3
8,24		6		9
8,27		8		1
8,30		7		2
9,1		7		8
9,2		6		7
9,4		7		4
9,7		5		2
9,8		5		9
9,13		6		3
9,14		8		2
9,15		6		4
9,17		6		4
9,18		5		8
9,23		7		1
9,27		6		8
9,28		8		4
10,1		7		7
10,2		7		0
10,3		5		8
10,4		7		5
10,6		6		10
10,9		6		5
10,12		6		6
10,13		6		7
10,14		5		5
10,15		5		9
10,18		7		7
10,19		8		9
10,21		7		7
10,23		6		1
10,25		8		8
10,26		8		2
10,28		8		4
10,29		6		10
10,30		6		6
11,2		5		4
11,3		5		6
11,5		5		8
11,7		5		3
11,8		8		4
11,9		8		4
11,10		8		0
11,13		6		8
11,16		7		5
11,21		7		1
11,22		6		6
11,23		6		10
11,26		8		9
11,29		7		4
12,5		5		1
12,8		8		3
12,9		6		3
12,11		6		3
12,15		5		8
12,16		8		8
12,17		8		1
12,20		7		2
12,23		6		9
12,24		8		1
12,25		8		9
12,26		6		6
12,29		6		6
12,30		6		9
13,3		6		7
13,5		5		9
13,6		6		6
13,8		5		3
13,12		8		10
13,15		5		5
13,18		8		9
13,19		5		5
13,20		7		10
13,22		6		8
13,23		7		6
13,24		8		1
13,25		6		0
14,3		7		10
14,6		8		4
14,8		6		9
14,10		8		0
14,12		7		8
14,15		5		6
14,18		7		4
14,19		6		7
14,21		6		5
14,23		8		4
14,25		8		10
14,27		5		6
14,29		7		5
15,2		6		7
15,3		5		1
15,4		8		8
15,5		7		10
15,6		7		8
15,8		7		10
15,10		5		6
15,11		5		1
15,18		6		4
15,19		8		2
15,21		5		6
15,23		7		10
15,25		7		3
15,27		5		6
15,28		6		5
15,29		8		1
15,30		8		3
16,3		5		9
16,4		8		5
16,8		8		10
16,9		6		7
16,10		5		6
16,14		8		0
16,15		5		10
16,17		5		10
16,18		8		2
16,19		5		4
16,20		7		10
16,22		7		6
16,23		6		5
16,24		7		6
16,26		5		9
16,27		5		4
16,28		6		5
16,29		6		7
17,1		7		4
17,5		7		1
17,7		8		4
17,8		7		10
17,9		5		6
17,11		7		4
17,12		6		0
17,13		5		5
17,14		7		0
17,15		5		3
17,19		8		2
17,21		7		1
17,23		7		7
17,24		5		4
17,27		8		7
17,29		8		1
18,1		6		8
18,3		8		3
18,7		8		8
18,8		6		0
18,9		6		10
18,11		6		1
18,12		5		3
18,14		6		2
18,15		8		7
18,16		6		7
18,19		8		10
18,22		8		4
18,27		8		7
18,28		8		9
18,30		5		5
19,5		6		4
19,7		6		9
19,8		8		10
19,10		7		7
19,12		5		1
19,14		8		4
19,16		6		1
19,22		5		10
19,23		6		1
19,26		5		3
19,27		8		3
19,28		6		0
20,2		7		3
20,3		7		10
20,4		8		9
20,7		5		0
20,8		5		9
20,10		7		6
20,11		7		0
20,13		7		1
20,14		6		7
20,15		7		4
20,17		7		8
20,21		7		9
20,24		5		9
20,29		8		2
21,4		5		4
21,5		5		7
21,6		5		0
21,7		5		7
21,10		6		2
21,13		8		3
21,14		5		0
21,16		8		0
21,17		8		3
21,18		7		1
21,19		7		1
21,23		5		2
21,25		8		7
21,26		8		3
21,27		6		6
21,28		8		7
21,30		8		3
22,1		6		3
22,4		6		4
22,9		8		2
22,10		5		7
22,12		6		4
22,13		5		9
22,14		8		2
22,15		6		9
22,16		6		5
22,18		7		2
22,20		7		7
22,27		8		7
22,28		7		6
22,30		8		4
23,2		6		7
23,5		5		0
23,6		6		7
23,7		8		6
23,8		5		7
23,9		8		0
23,10		6		8
23,12		8		2
23,13		6		2
23,14		5		7
23,15		6		5
23,16		8		2
23,17		7		6
23,19		5		3
23,20		6		6
23,25		8		3
23,29		6		0
23,30		6		0
24,1		7		4
24,2		8		10
24,5		8		8
24,8		6		6
24,11		5		3
24,13		6		5
24,14		5		1
24,16		6		7
24,19		8		1
25,2		6		9
25,3		8		9
25,5		6		4
25,7		5		4
25,10		5		8
25,12		8		9
25,14		7		10
25,15		8		10
25,16		7		7
25,19		5		1
25,20		7		10
25,21		6		0
25,23		8		1
25,24		8		1
25,27		6		10
25,28		6		1
25,29		8		9
26,2		7		7
26,8		5		3
26,11		7		9
26,12		8		4
26,16		7		3
26,20		6		9
26,22		8		10
26,23		6		4
26,28		8		6
26,30		8		8
27,2		8		8
27,3		7		2
27,4		7		3
27,5		6		9
27,8		5		9
27,12		5		0
27,13		7		9
27,15		5		6
27,16		7		1
27,17		5		9
27,23		7		8
27,24		7		7
27,25		7		3
27,26		7		3
27,30		5		3
28,1		7		8
28,3		8		1
28,4		8		5
28,9		7		10
28,11		6		1
28,16		8		3
28,18		6		8
28,19		6		5
28,21		7		6
28,23		5		8
28,24		7		3
29,5		7		8
29,6		8		4
29,7		8		0
29,8		8		5
29,12		8		4
29,17		8		5
29,18		5		2
29,20		7		1
29,22		7		2
29,24		8		7
29,27		7		8
30,2		5		2
30,3		8		5
30,4		7		0
30,5		5		5
30,6		7		10
30,9		6		10
30,10		5		10
30,11		5		1
30,12		7		3
30,15		6		4
30,16		8		9
30,18		5		10
30,19		6		2
30,20		5		5
30,24		5		3
30,27		7		0
;

end;
