set Nodes := 1 2 3 4 5 6 7 8 9 10 11 12 13 14 15 16 17 18 19 20 21 22 23 24 25 26 27 28 29 30 ;
set Arcs := (1, 25) (1, 27) (1, 5) (1, 29) (2, 5) (2, 6) (2, 18) (2, 22) (2, 23) (2, 30) (3, 4) (3, 8) (3, 11) (3, 15) (3, 20) (3, 23) (3, 25) (3, 28) (4, 7) (4, 18) (4, 20) (4, 22) (4, 24) (4, 26) (5, 4) (5, 7) (5, 11) (5, 13) (5, 18) (5, 24) (5, 26) (5, 28) (6, 1) (6, 7) (6, 8) (6, 11) (6, 14) (6, 23) (6, 25) (6, 27) (7, 3) (7, 8) (7, 9) (7, 12) (7, 14) (7, 15) (7, 17) (7, 18) (7, 21) (7, 27) (7, 30) (8, 6) (8, 9) (8, 10) (8, 12) (8, 13) (8, 19) (8, 20) (8, 23) (8, 26) (8, 29) (8, 30) (9, 2) (9, 13) (9, 15) (9, 21) (9, 26) (9, 30) (10, 9) (10, 2) (10, 6) (10, 14) (10, 21) (11, 10) (11, 29) (11, 21) (12, 2) (12, 3) (12, 6) (12, 7) (12, 9) (12, 13) (12, 17) (12, 19) (12, 20) (12, 21) (12, 27) (12, 30) (13, 2) (13, 5) (13, 6) (13, 11) (13, 20) (13, 23) (13, 25) (13, 28) (14, 8) (14, 10) (14, 11) (14, 15) (14, 20) (14, 22) (14, 25) (14, 27) (14, 29) (14, 30) (15, 7) (15, 13) (15, 17) (15, 22) (15, 26) (15, 28) (15, 29) (16, 1) (16, 5) (16, 7) (16, 13) (16, 14) (16, 18) (16, 19) (16, 24) (16, 30) (17, 11) (17, 13) (17, 16) (17, 21) (17, 27) (17, 29) (17, 30) (18, 1) (18, 4) (18, 5) (18, 9) (18, 10) (18, 13) (18, 22) (18, 23) (18, 26) (18, 29) (19, 14) (19, 17) (19, 21) (19, 23) (19, 24) (19, 26) (19, 28) (20, 1) (20, 2) (20, 7) (20, 12) (20, 15) (20, 16) (20, 18) (20, 24) (21, 1) (21, 10) (22, 16) (22, 10) (22, 6) (22, 23) (23, 13) (23, 14) (23, 18) (23, 21) (23, 27) (23, 28) (23, 29) (24, 10) (24, 12) (24, 14) (24, 21) (24, 22) (24, 23) (24, 25) (24, 29) (25, 8) (25, 10) (25, 11) (25, 14) (25, 22) (25, 27) (26, 16) (26, 8) (26, 3) (26, 7) (26, 25) (27, 4) (27, 6) (27, 14) (27, 19) (27, 21) (27, 24) (28, 1) (28, 6) (28, 10) (28, 12) (28, 18) (28, 20) (28, 26) (29, 2) (29, 10) (29, 13) (29, 17) (29, 18) (29, 22) (29, 25) (29, 30) (30, 1) (30, 2) (30, 3) (30, 4) (30, 7) (30, 12) (30, 15) (30, 23) (30, 25) (30, 26) ;


param b :=
1		3
2		3
3		7
4		10
5		6
6		5
7		8
8		3
9		2
10		1
11		4
12		9
13		1
14		2
15		1
16		0
17		0
18		0
19		0
20		0
21		0
22		0
23		0
24		0
25		0
26		0
27		0
28		0
29		0
30		-65
;

param:		u		c :=
1,25		6		6
1,27		7		10
1,5		8		4
1,29		6		3
2,5		6		4
2,6		7		0
2,18		7		10
2,22		8		3
2,23		8		6
2,30		6		6
3,4		7		9
3,8		7		5
3,11		5		6
3,15		5		7
3,20		5		10
3,23		5		1
3,25		6		10
3,28		8		9
4,7		6		3
4,18		6		9
4,20		7		5
4,22		5		3
4,24		5		5
4,26		6		5
5,4		8		6
5,7		7		5
5,11		7		4
5,13		7		7
5,18		8		10
5,24		6		0
5,26		7		2
5,28		8		10
6,1		8		10
6,7		5		4
6,8		7		0
6,11		8		8
6,14		7		3
6,23		8		10
6,25		6		0
6,27		6		5
7,3		6		4
7,8		6		10
7,9		8		0
7,12		5		1
7,14		5		3
7,15		5		1
7,17		6		2
7,18		7		9
7,21		6		5
7,27		6		3
7,30		8		8
8,6		5		6
8,9		5		7
8,10		8		7
8,12		5		7
8,13		7		2
8,19		5		2
8,20		5		8
8,23		7		0
8,26		5		3
8,29		7		1
8,30		5		3
9,2		5		6
9,13		5		4
9,15		6		3
9,21		6		8
9,26		5		0
9,30		6		6
10,9		7		8
10,2		5		5
10,6		5		3
10,14		8		9
10,21		7		10
11,10		6		1
11,29		6		6
11,21		8		5
12,2		6		1
12,3		8		6
12,6		6		9
12,7		6		6
12,9		8		2
12,13		6		9
12,17		7		5
12,19		6		3
12,20		8		6
12,21		7		10
12,27		6		4
12,30		5		3
13,2		6		1
13,5		7		8
13,6		8		8
13,11		6		10
13,20		8		0
13,23		5		0
13,25		7		2
13,28		8		2
14,8		8		4
14,10		5		5
14,11		8		4
14,15		6		8
14,20		7		1
14,22		6		3
14,25		5		1
14,27		6		0
14,29		7		1
14,30		8		1
15,7		6		5
15,13		6		6
15,17		8		5
15,22		7		4
15,26		5		4
15,28		8		4
15,29		5		0
16,1		8		2
16,5		6		2
16,7		8		7
16,13		8		4
16,14		7		7
16,18		7		1
16,19		5		3
16,24		8		7
16,30		7		3
17,11		5		6
17,13		5		4
17,16		5		10
17,21		5		1
17,27		5		10
17,29		5		5
17,30		5		8
18,1		6		8
18,4		6		6
18,5		6		9
18,9		8		0
18,10		7		1
18,13		5		7
18,22		5		6
18,23		6		9
18,26		8		9
18,29		7		2
19,14		8		5
19,17		8		9
19,21		5		2
19,23		6		4
19,24		5		10
19,26		6		1
19,28		5		0
20,1		6		5
20,2		6		8
20,7		5		1
20,12		8		10
20,15		7		6
20,16		6		4
20,18		8		0
20,24		7		5
21,1		7		1
21,10		5		3
22,16		6		0
22,10		7		9
22,6		5		2
22,23		8		1
23,13		8		3
23,14		5		7
23,18		5		10
23,21		5		4
23,27		6		1
23,28		6		6
23,29		7		5
24,10		5		3
24,12		8		1
24,14		7		3
24,21		5		2
24,22		5		1
24,23		8		7
24,25		5		8
24,29		8		9
25,8		8		7
25,10		5		4
25,11		7		6
25,14		8		2
25,22		6		5
25,27		7		6
26,16		7		3
26,8		8		5
26,3		7		3
26,7		8		4
26,25		7		5
27,4		5		3
27,6		6		3
27,14		5		4
27,19		6		10
27,21		7		9
27,24		7		3
28,1		6		9
28,6		7		6
28,10		5		4
28,12		7		3
28,18		8		1
28,20		8		2
28,26		7		8
29,2		6		2
29,10		8		0
29,13		6		8
29,17		6		8
29,18		6		7
29,22		6		6
29,25		5		10
29,30		7		1
30,1		5		1
30,2		7		6
30,3		5		0
30,4		8		7
30,7		7		10
30,12		8		0
30,15		5		7
30,23		6		5
30,25		8		3
30,26		7		5
;

end;
