set Nodes := 1 2 3 4 5 6 7 8 9 10 11 12 13 14 15 16 17 18 19 20 21 22 23 24 25 26 27 28 29 30 ;
set Arcs := (1, 2) (1, 3) (1, 4) (1, 5) (1, 6) (1, 7) (1, 8) (1, 11) (1, 12) (1, 14) (1, 15) (1, 16) (1, 18) (1, 21) (1, 22) (1, 23) (1, 24) (1, 25) (1, 26) (1, 27) (1, 30) (2, 1) (2, 3) (2, 4) (2, 5) (2, 6) (2, 7) (2, 9) (2, 10) (2, 11) (2, 12) (2, 14) (2, 15) (2, 16) (2, 18) (2, 20) (2, 21) (2, 22) (2, 24) (2, 25) (2, 26) (2, 27) (2, 28) (2, 29) (2, 30) (3, 1) (3, 2) (3, 4) (3, 6) (3, 8) (3, 9) (3, 10) (3, 15) (3, 16) (3, 17) (3, 19) (3, 21) (3, 22) (3, 24) (3, 26) (3, 27) (3, 28) (3, 29) (3, 30) (4, 2) (4, 3) (4, 5) (4, 8) (4, 9) (4, 10) (4, 11) (4, 13) (4, 15) (4, 16) (4, 17) (4, 18) (4, 19) (4, 20) (4, 22) (4, 23) (4, 24) (4, 25) (4, 27) (4, 29) (5, 1) (5, 2) (5, 3) (5, 4) (5, 6) (5, 11) (5, 15) (5, 16) (5, 17) (5, 21) (5, 22) (5, 23) (5, 24) (5, 25) (5, 26) (5, 27) (5, 28) (5, 29) (6, 1) (6, 2) (6, 4) (6, 5) (6, 7) (6, 8) (6, 10) (6, 11) (6, 12) (6, 13) (6, 14) (6, 16) (6, 17) (6, 18) (6, 20) (6, 21) (6, 23) (6, 24) (6, 25) (6, 26) (6, 27) (6, 28) (6, 29) (6, 30) (7, 1) (7, 2) (7, 3) (7, 4) (7, 5) (7, 6) (7, 10) (7, 11) (7, 12) (7, 13) (7, 14) (7, 15) (7, 16) (7, 17) (7, 18) (7, 19) (7, 20) (7, 21) (7, 22) (7, 23) (7, 24) (7, 25) (7, 27) (7, 29) (7, 30) (8, 1) (8, 3) (8, 4) (8, 5) (8, 7) (8, 9) (8, 10) (8, 12) (8, 13) (8, 15) (8, 16) (8, 17) (8, 18) (8, 20) (8, 22) (8, 23) (8, 24) (8, 25) (8, 26) (8, 27) (8, 28) (8, 29) (8, 30) (9, 4) (9, 7) (9, 8) (9, 10) (9, 12) (9, 14) (9, 16) (9, 18) (9, 19) (9, 20) (9, 21) (9, 23) (9, 24) (9, 25) (9, 26) (9, 28) (9, 29) (9, 30) (10, 1) (10, 2) (10, 3) (10, 4) (10, 6) (10, 7) (10, 11) (10, 12) (10, 13) (10, 14) (10, 15) (10, 16) (10, 18) (10, 19) (10, 20) (10, 21) (10, 22) (10, 23) (10, 24) (10, 25) (10, 26) (10, 27) (10, 28) (10, 29) (10, 30) (11, 1) (11, 3) (11, 4) (11, 5) (11, 6) (11, 7) (11, 8) (11, 10) (11, 12) (11, 13) (11, 14) (11, 16) (11, 17) (11, 18) (11, 21) (11, 22) (11, 23) (11, 25) (11, 26) (11, 28) (11, 30) (12, 1) (12, 2) (12, 5) (12, 6) (12, 7) (12, 8) (12, 9) (12, 10) (12, 11) (12, 13) (12, 16) (12, 18) (12, 19) (12, 22) (12, 23) (12, 24) (12, 25) (12, 26) (12, 27) (12, 28) (12, 30) (13, 1) (13, 2) (13, 4) (13, 5) (13, 7) (13, 8) (13, 9) (13, 10) (13, 11) (13, 12) (13, 16) (13, 17) (13, 19) (13, 20) (13, 23) (13, 25) (13, 29) (13, 30) (14, 1) (14, 2) (14, 3) (14, 4) (14, 7) (14, 8) (14, 9) (14, 10) (14, 11) (14, 12) (14, 13) (14, 15) (14, 16) (14, 18) (14, 21) (14, 22) (14, 23) (14, 24) (14, 25) (14, 26) (14, 27) (14, 28) (14, 29) (14, 30) (15, 1) (15, 2) (15, 3) (15, 4) (15, 5) (15, 7) (15, 8) (15, 9) (15, 10) (15, 11) (15, 14) (15, 17) (15, 18) (15, 19) (15, 20) (15, 22) (15, 24) (15, 25) (15, 26) (15, 28) (15, 29) (15, 30) (16, 1) (16, 2) (16, 3) (16, 4) (16, 5) (16, 6) (16, 7) (16, 8) (16, 9) (16, 10) (16, 11) (16, 12) (16, 14) (16, 19) (16, 21) (16, 22) (16, 24) (16, 25) (16, 26) (16, 28) (16, 29) (16, 30) (17, 1) (17, 2) (17, 3) (17, 4) (17, 5) (17, 6) (17, 7) (17, 8) (17, 10) (17, 14) (17, 16) (17, 18) (17, 21) (17, 24) (17, 25) (17, 30) (18, 1) (18, 3) (18, 4) (18, 5) (18, 7) (18, 8) (18, 9) (18, 10) (18, 11) (18, 12) (18, 13) (18, 14) (18, 17) (18, 19) (18, 21) (18, 22) (18, 23) (18, 24) (18, 26) (18, 27) (18, 28) (18, 29) (18, 30) (19, 2) (19, 3) (19, 4) (19, 5) (19, 6) (19, 8) (19, 9) (19, 10) (19, 11) (19, 12) (19, 13) (19, 14) (19, 15) (19, 16) (19, 17) (19, 18) (19, 20) (19, 21) (19, 22) (19, 23) (19, 24) (19, 25) (19, 26) (19, 28) (19, 29) (19, 30) (20, 1) (20, 2) (20, 4) (20, 5) (20, 6) (20, 7) (20, 9) (20, 10) (20, 11) (20, 12) (20, 13) (20, 14) (20, 15) (20, 16) (20, 17) (20, 18) (20, 19) (20, 22) (20, 23) (20, 25) (20, 26) (20, 27) (20, 28) (20, 29) (20, 30) (21, 1) (21, 2) (21, 3) (21, 4) (21, 5) (21, 6) (21, 9) (21, 10) (21, 11) (21, 12) (21, 14) (21, 16) (21, 17) (21, 20) (21, 22) (21, 23) (21, 25) (21, 26) (21, 27) (21, 29) (21, 30) (22, 2) (22, 3) (22, 4) (22, 5) (22, 7) (22, 8) (22, 9) (22, 10) (22, 11) (22, 12) (22, 14) (22, 15) (22, 16) (22, 17) (22, 19) (22, 20) (22, 24) (22, 27) (22, 28) (22, 29) (22, 30) (23, 1) (23, 2) (23, 3) (23, 5) (23, 6) (23, 7) (23, 8) (23, 9) (23, 10) (23, 11) (23, 12) (23, 13) (23, 14) (23, 15) (23, 16) (23, 18) (23, 20) (23, 21) (23, 22) (23, 24) (23, 25) (23, 26) (23, 27) (23, 28) (23, 29) (23, 30) (24, 1) (24, 3) (24, 5) (24, 6) (24, 8) (24, 9) (24, 10) (24, 11) (24, 12) (24, 13) (24, 14) (24, 15) (24, 16) (24, 17) (24, 19) (24, 20) (24, 22) (24, 23) (24, 26) (24, 27) (24, 28) (24, 30) (25, 1) (25, 2) (25, 4) (25, 6) (25, 8) (25, 9) (25, 10) (25, 11) (25, 12) (25, 13) (25, 14) (25, 15) (25, 17) (25, 18) (25, 19) (25, 21) (25, 22) (25, 23) (25, 24) (25, 26) (25, 28) (25, 29) (25, 30) (26, 1) (26, 2) (26, 3) (26, 4) (26, 5) (26, 6) (26, 7) (26, 8) (26, 9) (26, 10) (26, 11) (26, 13) (26, 14) (26, 15) (26, 16) (26, 18) (26, 21) (26, 22) (26, 23) (26, 24) (26, 25) (26, 27) (26, 28) (26, 29) (26, 30) (27, 1) (27, 3) (27, 5) (27, 7) (27, 8) (27, 9) (27, 10) (27, 11) (27, 12) (27, 13) (27, 14) (27, 16) (27, 17) (27, 18) (27, 19) (27, 20) (27, 23) (27, 24) (27, 25) (27, 26) (27, 28) (27, 30) (28, 1) (28, 2) (28, 3) (28, 4) (28, 5) (28, 6) (28, 8) (28, 9) (28, 11) (28, 12) (28, 13) (28, 15) (28, 16) (28, 17) (28, 18) (28, 20) (28, 21) (28, 23) (28, 25) (28, 27) (28, 29) (28, 30) (29, 1) (29, 2) (29, 5) (29, 7) (29, 12) (29, 13) (29, 14) (29, 16) (29, 18) (29, 19) (29, 20) (29, 21) (29, 22) (29, 23) (29, 24) (29, 25) (29, 27) (30, 1) (30, 2) (30, 4) (30, 6) (30, 8) (30, 10) (30, 11) (30, 13) (30, 14) (30, 17) (30, 18) (30, 20) (30, 21) (30, 22) (30, 23) (30, 24) (30, 27) (30, 28) ;


param b :=
1		3
2		10
3		8
4		4
5		7
6		3
7		8
8		10
9		6
10		2
11		9
12		2
13		6
14		8
15		5
16		0
17		0
18		0
19		0
20		0
21		0
22		0
23		0
24		0
25		0
26		0
27		0
28		0
29		0
30		-91
;

param:		u		c :=
1,2		7		9
1,3		8		10
1,4		6		1
1,5		7		5
1,6		5		3
1,7		5		2
1,8		5		9
1,11		6		5
1,12		7		8
1,14		6		7
1,15		8		8
1,16		6		0
1,18		7		3
1,21		6		6
1,22		6		2
1,23		8		10
1,24		8		3
1,25		7		1
1,26		8		8
1,27		7		2
1,30		6		5
2,1		8		2
2,3		7		10
2,4		6		0
2,5		6		5
2,6		5		6
2,7		6		3
2,9		6		4
2,10		5		1
2,11		7		9
2,12		7		3
2,14		8		8
2,15		5		10
2,16		8		2
2,18		6		0
2,20		6		10
2,21		5		1
2,22		6		3
2,24		7		6
2,25		8		1
2,26		6		4
2,27		5		10
2,28		6		10
2,29		7		3
2,30		5		5
3,1		8		3
3,2		6		1
3,4		6		3
3,6		7		4
3,8		8		7
3,9		7		4
3,10		6		0
3,15		5		0
3,16		6		4
3,17		6		6
3,19		6		1
3,21		8		7
3,22		7		10
3,24		6		2
3,26		8		9
3,27		8		0
3,28		6		7
3,29		7		9
3,30		6		6
4,2		5		2
4,3		5		1
4,5		6		4
4,8		8		9
4,9		5		0
4,10		8		0
4,11		7		8
4,13		6		0
4,15		6		9
4,16		6		3
4,17		8		3
4,18		8		7
4,19		7		6
4,20		7		10
4,22		8		3
4,23		5		9
4,24		5		4
4,25		8		7
4,27		6		9
4,29		8		3
5,1		7		10
5,2		5		4
5,3		8		10
5,4		6		7
5,6		7		4
5,11		7		7
5,15		8		5
5,16		7		10
5,17		8		5
5,21		6		6
5,22		8		8
5,23		5		7
5,24		6		0
5,25		6		9
5,26		5		5
5,27		8		9
5,28		5		4
5,29		5		1
6,1		6		0
6,2		6		1
6,4		6		4
6,5		6		2
6,7		7		3
6,8		5		7
6,10		8		0
6,11		7		1
6,12		6		7
6,13		6		3
6,14		7		3
6,16		5		8
6,17		6		7
6,18		8		2
6,20		5		5
6,21		6		1
6,23		6		3
6,24		8		7
6,25		5		2
6,26		8		9
6,27		6		0
6,28		5		7
6,29		5		1
6,30		5		7
7,1		8		8
7,2		7		0
7,3		7		7
7,4		7		8
7,5		6		4
7,6		6		5
7,10		6		8
7,11		6		10
7,12		6		4
7,13		8		0
7,14		6		2
7,15		7		9
7,16		6		1
7,17		7		5
7,18		5		9
7,19		8		2
7,20		7		4
7,21		6		9
7,22		5		9
7,23		7		1
7,24		6		7
7,25		5		9
7,27		5		7
7,29		8		4
7,30		8		5
8,1		7		6
8,3		5		7
8,4		8		4
8,5		5		3
8,7		6		2
8,9		8		8
8,10		8		8
8,12		6		3
8,13		6		8
8,15		8		4
8,16		6		9
8,17		7		10
8,18		8		0
8,20		8		6
8,22		5		1
8,23		7		6
8,24		8		2
8,25		8		3
8,26		5		2
8,27		7		1
8,28		8		2
8,29		8		4
8,30		6		6
9,4		8		2
9,7		8		4
9,8		7		10
9,10		6		1
9,12		8		0
9,14		8		7
9,16		6		4
9,18		7		9
9,19		6		1
9,20		7		8
9,21		8		10
9,23		5		4
9,24		6		10
9,25		6		8
9,26		7		8
9,28		8		10
9,29		5		3
9,30		7		2
10,1		5		8
10,2		6		7
10,3		6		8
10,4		8		7
10,6		6		0
10,7		8		2
10,11		7		2
10,12		8		3
10,13		6		6
10,14		6		8
10,15		7		2
10,16		5		6
10,18		5		4
10,19		5		1
10,20		7		9
10,21		6		6
10,22		6		2
10,23		5		4
10,24		6		0
10,25		7		2
10,26		5		3
10,27		8		2
10,28		5		5
10,29		6		4
10,30		7		5
11,1		5		9
11,3		5		10
11,4		5		3
11,5		7		9
11,6		7		4
11,7		7		6
11,8		6		3
11,10		5		5
11,12		7		2
11,13		6		6
11,14		6		6
11,16		5		1
11,17		5		1
11,18		7		1
11,21		7		8
11,22		5		5
11,23		7		2
11,25		7		8
11,26		6		1
11,28		6		3
11,30		7		8
12,1		8		9
12,2		7		6
12,5		6		0
12,6		6		6
12,7		5		8
12,8		6		5
12,9		6		9
12,10		5		10
12,11		7		6
12,13		8		9
12,16		6		4
12,18		6		2
12,19		6		5
12,22		7		2
12,23		6		4
12,24		6		10
12,25		6		8
12,26		8		4
12,27		8		0
12,28		6		1
12,30		7		6
13,1		5		0
13,2		5		6
13,4		8		6
13,5		5		2
13,7		8		2
13,8		7		0
13,9		5		9
13,10		7		0
13,11		5		0
13,12		8		9
13,16		5		8
13,17		5		3
13,19		8		1
13,20		8		10
13,23		8		2
13,25		5		0
13,29		5		0
13,30		8		2
14,1		6		10
14,2		8		5
14,3		7		8
14,4		8		2
14,7		6		6
14,8		5		9
14,9		5		3
14,10		5		3
14,11		7		4
14,12		6		9
14,13		8		0
14,15		5		0
14,16		6		7
14,18		8		7
14,21		8		1
14,22		7		9
14,23		6		3
14,24		5		10
14,25		7		3
14,26		8		1
14,27		7		2
14,28		6		2
14,29		6		4
14,30		8		5
15,1		5		5
15,2		5		0
15,3		6		0
15,4		5		10
15,5		6		0
15,7		8		5
15,8		8		0
15,9		8		7
15,10		5		0
15,11		7		1
15,14		5		3
15,17		5		9
15,18		5		8
15,19		5		9
15,20		8		10
15,22		5		8
15,24		7		3
15,25		8		6
15,26		5		7
15,28		8		6
15,29		7		9
15,30		6		3
16,1		7		0
16,2		6		0
16,3		7		9
16,4		5		10
16,5		7		10
16,6		6		7
16,7		7		0
16,8		7		2
16,9		6		2
16,10		8		0
16,11		5		1
16,12		5		5
16,14		5		3
16,19		8		8
16,21		8		2
16,22		6		2
16,24		8		6
16,25		6		5
16,26		5		0
16,28		8		0
16,29		5		1
16,30		8		2
17,1		6		6
17,2		8		6
17,3		5		8
17,4		5		1
17,5		7		7
17,6		5		0
17,7		6		3
17,8		7		5
17,10		5		4
17,14		7		1
17,16		6		0
17,18		7		10
17,21		5		7
17,24		8		6
17,25		6		2
17,30		5		9
18,1		6		8
18,3		5		6
18,4		7		3
18,5		8		4
18,7		6		9
18,8		5		4
18,9		7		2
18,10		7		4
18,11		8		4
18,12		6		2
18,13		5		0
18,14		8		0
18,17		6		0
18,19		7		6
18,21		5		5
18,22		7		10
18,23		7		6
18,24		8		0
18,26		6		3
18,27		7		8
18,28		6		3
18,29		5		8
18,30		6		2
19,2		8		8
19,3		6		9
19,4		8		7
19,5		5		6
19,6		7		7
19,8		8		2
19,9		5		2
19,10		7		3
19,11		5		8
19,12		6		5
19,13		6		2
19,14		5		2
19,15		5		6
19,16		6		2
19,17		8		3
19,18		6		8
19,20		6		5
19,21		6		1
19,22		7		3
19,23		7		1
19,24		5		3
19,25		5		0
19,26		6		4
19,28		6		4
19,29		7		3
19,30		8		4
20,1		6		4
20,2		8		8
20,4		6		1
20,5		7		8
20,6		8		2
20,7		8		3
20,9		8		5
20,10		8		9
20,11		6		4
20,12		6		1
20,13		6		6
20,14		8		2
20,15		7		2
20,16		6		3
20,17		5		9
20,18		6		7
20,19		5		9
20,22		7		7
20,23		7		8
20,25		7		10
20,26		6		6
20,27		8		0
20,28		7		1
20,29		7		4
20,30		5		7
21,1		5		8
21,2		6		6
21,3		5		10
21,4		6		7
21,5		8		9
21,6		7		8
21,9		5		8
21,10		5		2
21,11		6		8
21,12		7		3
21,14		7		0
21,16		8		0
21,17		6		10
21,20		6		8
21,22		5		4
21,23		6		1
21,25		7		3
21,26		7		5
21,27		6		3
21,29		5		4
21,30		8		7
22,2		6		8
22,3		7		0
22,4		5		7
22,5		7		10
22,7		6		6
22,8		5		2
22,9		8		0
22,10		6		10
22,11		8		7
22,12		7		2
22,14		8		9
22,15		5		9
22,16		8		4
22,17		8		7
22,19		6		0
22,20		5		5
22,24		8		4
22,27		6		9
22,28		5		7
22,29		8		4
22,30		8		9
23,1		8		2
23,2		8		4
23,3		7		7
23,5		6		4
23,6		8		6
23,7		8		3
23,8		8		6
23,9		6		10
23,10		7		2
23,11		7		8
23,12		5		10
23,13		8		1
23,14		6		4
23,15		6		10
23,16		5		8
23,18		8		5
23,20		8		8
23,21		8		4
23,22		6		7
23,24		8		8
23,25		6		7
23,26		5		6
23,27		6		2
23,28		8		10
23,29		5		2
23,30		7		10
24,1		5		4
24,3		5		4
24,5		5		1
24,6		7		6
24,8		5		3
24,9		6		5
24,10		8		0
24,11		6		4
24,12		5		0
24,13		5		10
24,14		8		4
24,15		5		2
24,16		7		4
24,17		8		7
24,19		5		1
24,20		8		5
24,22		6		2
24,23		5		10
24,26		5		5
24,27		7		3
24,28		5		9
24,30		6		7
25,1		8		5
25,2		7		2
25,4		8		2
25,6		5		9
25,8		5		0
25,9		5		8
25,10		7		10
25,11		7		6
25,12		6		7
25,13		5		0
25,14		8		10
25,15		5		3
25,17		5		6
25,18		5		7
25,19		7		8
25,21		6		4
25,22		6		4
25,23		5		4
25,24		7		0
25,26		8		3
25,28		8		10
25,29		8		8
25,30		5		4
26,1		6		1
26,2		5		4
26,3		8		6
26,4		5		3
26,5		6		3
26,6		6		2
26,7		5		8
26,8		5		9
26,9		6		7
26,10		6		3
26,11		5		0
26,13		6		0
26,14		5		5
26,15		6		5
26,16		7		5
26,18		8		5
26,21		5		2
26,22		5		8
26,23		5		4
26,24		7		5
26,25		8		0
26,27		8		2
26,28		5		5
26,29		6		4
26,30		7		6
27,1		5		1
27,3		5		5
27,5		6		4
27,7		5		6
27,8		7		9
27,9		6		4
27,10		6		2
27,11		8		7
27,12		5		5
27,13		6		1
27,14		6		0
27,16		5		8
27,17		8		7
27,18		5		8
27,19		7		8
27,20		8		9
27,23		8		5
27,24		8		7
27,25		7		1
27,26		8		9
27,28		7		6
27,30		5		9
28,1		7		10
28,2		5		4
28,3		8		5
28,4		8		1
28,5		5		4
28,6		5		8
28,8		8		7
28,9		7		4
28,11		7		6
28,12		6		1
28,13		7		9
28,15		6		5
28,16		8		5
28,17		8		3
28,18		5		10
28,20		5		2
28,21		7		0
28,23		8		9
28,25		6		9
28,27		5		6
28,29		7		6
28,30		5		7
29,1		5		4
29,2		7		1
29,5		7		7
29,7		6		8
29,12		6		8
29,13		5		7
29,14		5		0
29,16		8		7
29,18		7		8
29,19		6		3
29,20		6		9
29,21		8		8
29,22		6		6
29,23		7		5
29,24		5		1
29,25		8		0
29,27		8		5
30,1		5		10
30,2		7		9
30,4		6		10
30,6		6		10
30,8		7		0
30,10		6		7
30,11		7		5
30,13		5		5
30,14		8		1
30,17		8		8
30,18		7		6
30,20		6		1
30,21		7		3
30,22		5		6
30,23		7		5
30,24		7		4
30,27		6		10
30,28		5		1
;

end;
