set Nodes := 1 2 3 4 5 6 7 8 9 10 11 12 13 14 15 16 17 18 19 20 21 22 23 24 25 26 27 28 29 30 31 32 33 34 35 36 37 38 39 40 ;
set Arcs := (1, 4) (1, 38) (1, 12) (1, 13) (1, 21) (1, 22) (1, 24) (1, 36) (1, 28) (1, 30) (2, 3) (2, 5) (2, 39) (2, 9) (2, 20) (2, 21) (3, 2) (3, 4) (3, 5) (3, 38) (3, 9) (3, 13) (3, 14) (3, 19) (3, 22) (3, 31) (4, 2) (4, 3) (4, 7) (4, 10) (4, 17) (4, 27) (4, 31) (5, 34) (5, 4) (5, 38) (5, 6) (5, 12) (5, 15) (5, 17) (5, 19) (5, 20) (5, 23) (5, 30) (6, 32) (6, 2) (6, 5) (6, 14) (6, 18) (6, 27) (7, 32) (7, 1) (7, 34) (7, 3) (7, 4) (7, 5) (7, 33) (7, 40) (7, 10) (7, 11) (7, 13) (7, 18) (7, 36) (8, 2) (8, 3) (8, 39) (8, 40) (8, 10) (8, 16) (8, 18) (8, 35) (8, 21) (8, 23) (8, 30) (9, 33) (9, 2) (9, 35) (9, 6) (9, 40) (9, 34) (9, 14) (9, 23) (9, 24) (10, 5) (10, 6) (10, 39) (10, 40) (10, 11) (10, 18) (10, 20) (10, 22) (11, 33) (11, 2) (11, 4) (11, 40) (11, 10) (11, 12) (11, 20) (11, 24) (11, 26) (11, 27) (12, 33) (12, 34) (12, 4) (12, 40) (12, 11) (12, 13) (12, 20) (12, 22) (12, 23) (12, 24) (12, 2) (13, 32) (13, 2) (13, 3) (13, 4) (13, 37) (13, 8) (13, 10) (13, 16) (13, 17) (13, 28) (13, 31) (14, 1) (14, 2) (14, 36) (14, 5) (14, 20) (14, 23) (14, 29) (15, 9) (15, 34) (15, 12) (15, 37) (15, 7) (16, 32) (16, 7) (16, 13) (16, 17) (16, 20) (16, 22) (16, 24) (16, 27) (17, 32) (17, 2) (17, 35) (17, 36) (17, 5) (17, 9) (17, 14) (17, 22) (17, 25) (17, 26) (17, 27) (17, 28) (17, 30) (18, 34) (18, 35) (18, 9) (18, 11) (18, 22) (18, 25) (18, 28) (19, 34) (19, 5) (19, 7) (19, 40) (19, 39) (19, 2) (19, 13) (19, 16) (19, 18) (19, 21) (19, 25) (19, 27) (19, 30) (19, 31) (20, 32) (20, 1) (20, 4) (20, 9) (20, 11) (20, 13) (20, 26) (20, 28) (21, 1) (21, 35) (21, 5) (21, 6) (21, 39) (21, 11) (21, 12) (21, 13) (21, 16) (21, 19) (21, 25) (21, 31) (22, 32) (22, 1) (22, 40) (22, 11) (22, 13) (22, 17) (22, 25) (23, 8) (23, 12) (23, 14) (23, 15) (23, 16) (23, 17) (23, 21) (23, 31) (24, 33) (24, 3) (24, 36) (24, 38) (24, 16) (24, 18) (24, 29) (24, 31) (25, 3) (25, 36) (25, 37) (25, 38) (25, 8) (25, 10) (25, 11) (25, 12) (25, 21) (25, 28) (25, 29) (26, 32) (26, 1) (26, 35) (26, 5) (26, 6) (26, 9) (26, 18) (26, 3) (26, 20) (26, 25) (26, 27) (26, 28) (26, 30) (26, 37) (27, 32) (27, 33) (27, 34) (27, 3) (27, 17) (27, 39) (27, 40) (27, 2) (27, 13) (27, 15) (27, 8) (27, 24) (27, 25) (27, 29) (27, 30) (27, 31) (28, 19) (28, 35) (28, 4) (28, 6) (28, 39) (28, 17) (28, 3) (28, 21) (28, 25) (28, 27) (29, 4) (29, 6) (29, 39) (29, 8) (29, 15) (29, 19) (29, 23) (29, 26) (29, 30) (30, 1) (30, 34) (30, 38) (30, 40) (30, 18) (30, 19) (30, 20) (30, 23) (30, 26) (30, 31) (31, 32) (31, 1) (31, 3) (31, 36) (31, 37) (31, 38) (31, 39) (31, 40) (31, 9) (31, 10) (31, 11) (31, 12) (31, 14) (31, 18) (31, 19) (31, 23) (32, 4) (32, 6) (32, 11) (32, 15) (32, 19) (32, 20) (32, 29) (33, 38) (33, 40) (33, 9) (33, 13) (33, 15) (33, 23) (33, 24) (33, 25) (33, 28) (34, 33) (34, 6) (34, 39) (34, 7) (34, 21) (34, 31) (35, 2) (35, 36) (35, 38) (35, 10) (35, 14) (35, 17) (35, 27) (35, 28) (36, 33) (36, 39) (36, 8) (36, 13) (36, 18) (36, 21) (36, 31) (37, 32) (37, 1) (37, 36) (37, 5) (37, 6) (37, 7) (37, 9) (37, 10) (37, 14) (37, 20) (37, 24) (37, 4) (37, 28) (37, 29) (38, 35) (38, 4) (38, 37) (38, 39) (38, 10) (38, 21) (38, 24) (38, 25) (38, 26) (39, 1) (39, 34) (39, 36) (39, 33) (39, 40) (39, 11) (39, 21) (39, 23) (39, 24) (39, 27) (40, 34) (40, 35) (40, 36) (40, 6) (40, 38) (40, 8) (40, 9) (40, 11) (40, 12) (40, 2) (40, 20) (40, 21) (40, 22) (40, 26) ;


param b :=
1		3
2		9
3		2
4		2
5		8
6		5
7		3
8		4
9		6
10		3
11		1
12		1
13		4
14		3
15		2
16		3
17		2
18		3
19		10
20		2
21		0
22		0
23		0
24		0
25		0
26		0
27		0
28		0
29		0
30		0
31		0
32		0
33		0
34		0
35		0
36		0
37		0
38		0
39		0
40		-76
;

param:		u		c :=
1,4		6		10
1,38		5		4
1,12		7		4
1,13		8		7
1,21		5		6
1,22		6		6
1,24		6		4
1,36		6		0
1,28		5		1
1,30		5		6
2,3		5		0
2,5		8		9
2,39		5		3
2,9		7		0
2,20		5		8
2,21		5		3
3,2		7		0
3,4		5		9
3,5		6		10
3,38		5		10
3,9		8		7
3,13		5		7
3,14		5		6
3,19		7		2
3,22		8		1
3,31		8		5
4,2		5		4
4,3		8		3
4,7		6		1
4,10		6		10
4,17		6		0
4,27		6		6
4,31		8		5
5,34		7		4
5,4		5		4
5,38		6		0
5,6		5		4
5,12		8		1
5,15		7		3
5,17		6		7
5,19		5		6
5,20		8		7
5,23		8		4
5,30		5		7
6,32		5		7
6,2		7		7
6,5		8		9
6,14		6		2
6,18		8		6
6,27		6		7
7,32		7		5
7,1		8		2
7,34		8		4
7,3		5		10
7,4		5		3
7,5		5		8
7,33		7		2
7,40		8		3
7,10		7		8
7,11		5		4
7,13		7		4
7,18		8		0
7,36		5		9
8,2		7		0
8,3		5		10
8,39		8		2
8,40		8		5
8,10		6		0
8,16		8		4
8,18		6		9
8,35		8		3
8,21		8		3
8,23		6		8
8,30		5		3
9,33		8		4
9,2		7		0
9,35		8		7
9,6		7		5
9,40		5		5
9,34		5		5
9,14		5		1
9,23		8		3
9,24		5		5
10,5		5		8
10,6		6		9
10,39		7		0
10,40		6		6
10,11		6		8
10,18		5		7
10,20		8		0
10,22		7		5
11,33		6		4
11,2		8		6
11,4		5		4
11,40		6		1
11,10		8		4
11,12		5		6
11,20		6		0
11,24		7		4
11,26		8		3
11,27		6		9
12,33		5		4
12,34		6		7
12,4		6		2
12,40		8		4
12,11		7		3
12,13		7		8
12,20		6		2
12,22		6		3
12,23		5		7
12,24		5		2
12,2		6		3
13,32		6		9
13,2		7		3
13,3		8		10
13,4		8		0
13,37		6		8
13,8		8		3
13,10		6		8
13,16		5		6
13,17		7		8
13,28		7		9
13,31		6		0
14,1		5		8
14,2		6		3
14,36		7		7
14,5		5		9
14,20		6		5
14,23		6		7
14,29		8		10
15,9		6		8
15,34		8		3
15,12		5		1
15,37		5		9
15,7		6		9
16,32		8		9
16,7		6		4
16,13		7		1
16,17		6		4
16,20		6		4
16,22		5		5
16,24		6		0
16,27		5		4
17,32		5		9
17,2		8		8
17,35		8		1
17,36		8		2
17,5		6		4
17,9		5		7
17,14		8		4
17,22		7		6
17,25		5		3
17,26		5		4
17,27		5		5
17,28		7		1
17,30		6		5
18,34		7		2
18,35		7		2
18,9		8		4
18,11		8		9
18,22		6		1
18,25		5		5
18,28		6		8
19,34		6		1
19,5		7		4
19,7		7		1
19,40		6		9
19,39		8		4
19,2		6		5
19,13		7		0
19,16		6		4
19,18		8		6
19,21		8		4
19,25		8		3
19,27		7		6
19,30		8		3
19,31		8		3
20,32		7		9
20,1		8		9
20,4		8		5
20,9		7		7
20,11		8		6
20,13		7		9
20,26		7		10
20,28		6		0
21,1		5		9
21,35		5		4
21,5		7		9
21,6		8		5
21,39		8		9
21,11		6		2
21,12		6		3
21,13		8		5
21,16		7		1
21,19		7		4
21,25		5		3
21,31		7		3
22,32		6		8
22,1		7		1
22,40		8		10
22,11		5		4
22,13		7		2
22,17		5		7
22,25		5		1
23,8		6		0
23,12		7		5
23,14		8		2
23,15		8		9
23,16		8		8
23,17		6		9
23,21		7		9
23,31		5		4
24,33		8		8
24,3		5		1
24,36		6		1
24,38		7		10
24,16		6		7
24,18		6		10
24,29		6		3
24,31		5		9
25,3		8		3
25,36		5		8
25,37		8		1
25,38		6		0
25,8		6		10
25,10		7		7
25,11		7		3
25,12		6		6
25,21		8		9
25,28		7		0
25,29		6		5
26,32		6		0
26,1		5		3
26,35		8		10
26,5		6		9
26,6		6		4
26,9		8		1
26,18		5		5
26,3		6		5
26,20		8		9
26,25		8		7
26,27		8		5
26,28		7		10
26,30		8		1
26,37		6		7
27,32		5		6
27,33		7		7
27,34		5		7
27,3		5		8
27,17		6		1
27,39		6		4
27,40		8		6
27,2		7		4
27,13		5		8
27,15		6		3
27,8		7		0
27,24		6		9
27,25		8		1
27,29		8		6
27,30		7		1
27,31		5		10
28,19		7		5
28,35		7		9
28,4		5		1
28,6		6		3
28,39		7		0
28,17		6		2
28,3		8		7
28,21		6		1
28,25		8		2
28,27		6		1
29,4		7		9
29,6		6		8
29,39		5		1
29,8		5		8
29,15		5		4
29,19		5		3
29,23		6		9
29,26		8		9
29,30		7		10
30,1		7		9
30,34		8		8
30,38		5		8
30,40		6		8
30,18		6		5
30,19		7		10
30,20		7		7
30,23		7		2
30,26		5		1
30,31		5		7
31,32		5		8
31,1		8		4
31,3		5		8
31,36		5		9
31,37		6		2
31,38		5		7
31,39		5		0
31,40		6		2
31,9		8		7
31,10		5		1
31,11		7		0
31,12		8		0
31,14		5		8
31,18		5		0
31,19		6		1
31,23		5		3
32,4		6		2
32,6		8		4
32,11		8		10
32,15		6		8
32,19		7		10
32,20		6		0
32,29		8		10
33,38		6		8
33,40		8		8
33,9		5		3
33,13		7		7
33,15		7		4
33,23		7		10
33,24		5		5
33,25		5		9
33,28		6		1
34,33		6		1
34,6		8		1
34,39		8		3
34,7		5		3
34,21		8		4
34,31		8		4
35,2		5		7
35,36		8		10
35,38		8		0
35,10		8		0
35,14		8		9
35,17		6		10
35,27		8		7
35,28		5		4
36,33		5		4
36,39		8		5
36,8		7		4
36,13		7		3
36,18		8		3
36,21		5		7
36,31		6		5
37,32		5		7
37,1		5		7
37,36		5		5
37,5		6		9
37,6		7		7
37,7		5		5
37,9		7		10
37,10		8		2
37,14		6		6
37,20		8		1
37,24		7		5
37,4		6		1
37,28		8		10
37,29		6		9
38,35		6		4
38,4		5		9
38,37		5		10
38,39		6		7
38,10		6		6
38,21		6		2
38,24		6		8
38,25		8		0
38,26		7		8
39,1		6		7
39,34		8		0
39,36		6		4
39,33		8		0
39,40		5		2
39,11		5		9
39,21		5		3
39,23		8		9
39,24		8		8
39,27		5		2
40,34		7		4
40,35		5		8
40,36		7		9
40,6		5		9
40,38		6		4
40,8		6		1
40,9		5		8
40,11		7		8
40,12		7		0
40,2		5		9
40,20		7		3
40,21		6		4
40,22		5		1
40,26		5		1
;

end;
