set Nodes := 1 2 3 4 5 6 7 8 9 10 11 12 13 14 15 16 17 18 19 20 21 22 23 24 25 26 27 28 29 30 31 32 33 34 35 36 37 38 39 40 41 42 43 44 45 46 47 48 49 50 ;
set Arcs := (1, 5) (1, 6) (1, 17) (1, 8) (1, 11) (1, 13) (1, 49) (1, 7) (1, 28) (1, 30) (1, 31) (2, 37) (2, 42) (2, 43) (2, 12) (2, 14) (2, 47) (2, 49) (2, 50) (2, 20) (3, 33) (3, 34) (3, 4) (3, 40) (3, 9) (3, 12) (3, 21) (3, 14) (3, 13) (3, 48) (3, 8) (3, 20) (3, 46) (3, 23) (3, 24) (3, 28) (3, 29) (3, 31) (4, 34) (4, 3) (4, 36) (4, 46) (4, 19) (4, 22) (4, 24) (4, 26) (4, 28) (4, 30) (4, 31) (5, 33) (5, 34) (5, 3) (5, 36) (5, 38) (5, 42) (5, 43) (5, 11) (5, 49) (5, 50) (5, 21) (5, 22) (5, 23) (5, 24) (5, 26) (5, 27) (5, 29) (6, 32) (6, 33) (6, 2) (6, 3) (6, 36) (6, 5) (6, 7) (6, 9) (6, 23) (6, 24) (6, 27) (6, 29) (6, 30) (6, 31) (7, 34) (7, 41) (7, 42) (7, 44) (7, 16) (7, 49) (7, 19) (7, 28) (8, 32) (8, 33) (8, 36) (8, 37) (8, 6) (8, 40) (8, 41) (8, 43) (8, 46) (8, 20) (8, 26) (8, 30) (8, 31) (9, 32) (9, 2) (9, 4) (9, 7) (9, 44) (9, 34) (9, 46) (9, 48) (9, 49) (9, 18) (9, 19) (9, 20) (9, 23) (9, 24) (10, 33) (10, 2) (10, 27) (10, 1) (10, 49) (10, 8) (10, 41) (10, 42) (10, 39) (10, 12) (10, 14) (10, 15) (10, 11) (10, 40) (10, 23) (10, 47) (10, 29) (11, 1) (11, 3) (11, 9) (11, 44) (11, 13) (11, 48) (11, 20) (11, 25) (11, 28) (12, 1) (12, 6) (12, 38) (12, 8) (12, 15) (12, 16) (12, 25) (12, 26) (12, 27) (12, 28) (12, 30) (12, 31) (13, 32) (13, 39) (13, 8) (13, 9) (13, 43) (13, 46) (13, 18) (13, 22) (13, 28) (13, 29) (13, 30) (14, 32) (14, 42) (14, 43) (14, 45) (14, 18) (14, 19) (14, 21) (14, 24) (14, 26) (14, 27) (14, 29) (15, 2) (15, 7) (15, 11) (15, 44) (15, 34) (15, 16) (15, 50) (15, 22) (15, 25) (15, 26) (16, 5) (16, 7) (16, 9) (16, 39) (16, 12) (16, 13) (16, 46) (16, 47) (16, 49) (16, 20) (16, 14) (16, 22) (16, 23) (16, 24) (16, 26) (16, 27) (16, 30) (16, 31) (17, 32) (17, 1) (17, 34) (17, 36) (17, 37) (17, 42) (17, 44) (17, 15) (17, 18) (17, 19) (17, 26) (17, 28) (18, 6) (18, 8) (18, 41) (18, 12) (18, 14) (18, 47) (18, 16) (18, 49) (18, 9) (18, 24) (18, 25) (18, 29) (18, 30) (19, 34) (19, 35) (19, 36) (19, 39) (19, 8) (19, 45) (19, 46) (19, 13) (19, 23) (20, 2) (20, 5) (20, 6) (20, 41) (20, 10) (20, 50) (20, 14) (20, 16) (20, 18) (20, 9) (20, 28) (20, 30) (20, 31) (21, 35) (21, 38) (21, 6) (21, 7) (21, 41) (21, 39) (21, 45) (21, 46) (21, 25) (21, 29) (21, 31) (22, 33) (22, 35) (22, 36) (22, 40) (22, 11) (22, 14) (22, 20) (22, 27) (23, 32) (23, 1) (23, 36) (23, 6) (23, 40) (23, 42) (23, 43) (23, 44) (23, 14) (23, 16) (23, 20) (23, 22) (23, 4) (24, 33) (24, 35) (24, 6) (24, 44) (24, 14) (24, 15) (24, 49) (24, 25) (24, 26) (24, 28) (24, 29) (25, 1) (25, 34) (25, 35) (25, 4) (25, 37) (25, 6) (25, 9) (25, 43) (25, 46) (25, 23) (25, 24) (25, 30) (25, 31) (26, 34) (26, 35) (26, 6) (26, 7) (26, 40) (26, 9) (26, 10) (26, 11) (26, 13) (26, 14) (26, 20) (26, 25) (26, 27) (26, 28) (27, 32) (27, 2) (27, 35) (27, 4) (27, 37) (27, 40) (27, 10) (27, 43) (27, 45) (27, 46) (27, 15) (27, 29) (27, 5) (28, 1) (28, 34) (28, 3) (28, 5) (28, 6) (28, 17) (28, 16) (28, 49) (28, 23) (28, 24) (28, 29) (28, 30) (29, 2) (29, 35) (29, 40) (29, 41) (29, 10) (29, 43) (29, 14) (29, 48) (29, 50) (29, 19) (29, 31) (30, 33) (30, 35) (30, 8) (30, 41) (30, 11) (30, 18) (30, 16) (30, 40) (30, 50) (30, 28) (31, 2) (31, 3) (31, 4) (31, 5) (31, 39) (31, 40) (31, 41) (31, 42) (31, 7) (31, 12) (31, 34) (31, 15) (31, 48) (31, 18) (31, 24) (31, 26) (31, 27) (31, 10) (32, 4) (32, 38) (32, 7) (32, 10) (32, 43) (32, 45) (32, 46) (32, 13) (32, 50) (32, 21) (32, 23) (32, 36) (32, 15) (33, 32) (33, 1) (33, 35) (33, 38) (33, 6) (33, 7) (33, 8) (33, 50) (33, 14) (33, 16) (33, 18) (33, 19) (33, 21) (33, 24) (33, 25) (34, 35) (34, 43) (34, 45) (34, 18) (34, 19) (34, 23) (34, 29) (35, 32) (35, 2) (35, 8) (35, 12) (35, 42) (35, 45) (35, 44) (35, 18) (35, 46) (35, 15) (35, 50) (35, 19) (35, 25) (35, 10) (36, 32) (36, 42) (36, 11) (36, 12) (36, 13) (36, 14) (36, 16) (36, 17) (36, 50) (36, 21) (36, 22) (36, 23) (36, 25) (36, 31) (37, 16) (37, 6) (37, 39) (37, 8) (37, 10) (37, 45) (37, 46) (37, 48) (37, 17) (37, 18) (37, 14) (37, 23) (37, 21) (37, 31) (38, 33) (38, 36) (38, 48) (38, 40) (38, 42) (38, 11) (38, 46) (38, 15) (38, 16) (38, 17) (38, 31) (39, 32) (39, 34) (39, 38) (39, 8) (39, 11) (39, 44) (39, 45) (39, 46) (39, 14) (39, 23) (39, 28) (39, 29) (39, 30) (39, 31) (40, 32) (40, 34) (40, 35) (40, 6) (40, 39) (40, 47) (40, 18) (40, 19) (40, 31) (41, 2) (41, 5) (41, 11) (41, 44) (41, 48) (41, 17) (41, 24) (41, 27) (41, 31) (42, 32) (42, 34) (42, 35) (42, 4) (42, 7) (42, 12) (42, 14) (42, 16) (42, 17) (42, 50) (42, 27) (43, 33) (43, 38) (43, 39) (43, 9) (43, 10) (43, 44) (43, 18) (43, 27) (43, 28) (44, 4) (44, 39) (44, 41) (44, 10) (44, 11) (44, 17) (44, 23) (44, 31) (45, 34) (45, 37) (45, 38) (45, 10) (45, 44) (45, 13) (45, 46) (45, 15) (45, 14) (45, 47) (45, 28) (46, 36) (46, 7) (46, 8) (46, 11) (46, 20) (46, 21) (46, 23) (47, 33) (47, 34) (47, 35) (47, 37) (47, 7) (47, 8) (47, 10) (47, 46) (47, 48) (47, 18) (47, 28) (47, 30) (48, 36) (48, 37) (48, 38) (48, 39) (48, 41) (48, 12) (48, 45) (48, 14) (48, 44) (48, 20) (48, 23) (48, 24) (48, 27) (49, 32) (49, 2) (49, 37) (49, 42) (49, 11) (49, 14) (49, 16) (49, 18) (49, 46) (49, 23) (49, 27) (49, 28) (49, 29) (49, 31) (50, 3) (50, 4) (50, 7) (50, 11) (50, 14) (50, 17) (50, 18) (50, 19) (50, 21) (50, 22) (50, 23) (50, 29) (50, 32) (50, 34) (50, 35) (50, 38) (50, 40) (50, 41) (50, 42) (50, 44) (50, 46) (50, 48) (50, 49) ;


param b :=
1		9
2		3
3		6
4		9
5		6
6		8
7		7
8		9
9		8
10		6
11		8
12		2
13		2
14		8
15		10
16		4
17		6
18		5
19		1
20		4
21		6
22		6
23		7
24		1
25		4
26		0
27		0
28		0
29		0
30		0
31		0
32		0
33		0
34		0
35		0
36		0
37		0
38		0
39		0
40		0
41		0
42		0
43		0
44		0
45		0
46		0
47		0
48		0
49		0
50		-145
;

param:		u		c :=
1,5		5		0
1,6		8		7
1,17		7		1
1,8		8		9
1,11		8		1
1,13		5		3
1,49		5		7
1,7		8		5
1,28		7		7
1,30		5		0
1,31		7		7
2,37		5		4
2,42		6		8
2,43		6		8
2,12		8		2
2,14		8		1
2,47		6		1
2,49		8		5
2,50		5		8
2,20		7		4
3,33		8		2
3,34		6		2
3,4		5		9
3,40		7		9
3,9		5		2
3,12		7		1
3,21		7		10
3,14		5		1
3,13		6		3
3,48		7		3
3,8		7		5
3,20		5		2
3,46		7		2
3,23		6		5
3,24		5		9
3,28		5		4
3,29		8		4
3,31		6		8
4,34		5		6
4,3		6		5
4,36		8		8
4,46		6		2
4,19		7		3
4,22		6		8
4,24		6		10
4,26		6		6
4,28		5		4
4,30		8		6
4,31		8		8
5,33		5		3
5,34		8		6
5,3		7		4
5,36		6		8
5,38		6		9
5,42		7		4
5,43		8		1
5,11		5		2
5,49		5		8
5,50		8		1
5,21		8		3
5,22		5		0
5,23		5		6
5,24		8		0
5,26		6		1
5,27		5		6
5,29		8		5
6,32		7		3
6,33		7		6
6,2		7		10
6,3		6		8
6,36		7		0
6,5		8		8
6,7		5		3
6,9		8		9
6,23		8		9
6,24		8		1
6,27		5		3
6,29		6		7
6,30		8		3
6,31		5		9
7,34		6		8
7,41		6		7
7,42		5		10
7,44		8		8
7,16		6		0
7,49		7		10
7,19		6		3
7,28		5		9
8,32		5		10
8,33		8		0
8,36		6		8
8,37		6		6
8,6		7		6
8,40		5		7
8,41		6		4
8,43		5		1
8,46		6		4
8,20		5		9
8,26		6		7
8,30		7		1
8,31		5		9
9,32		8		1
9,2		7		5
9,4		6		3
9,7		7		5
9,44		6		3
9,34		6		3
9,46		6		10
9,48		7		5
9,49		7		7
9,18		6		9
9,19		8		1
9,20		6		8
9,23		8		2
9,24		7		4
10,33		6		9
10,2		5		3
10,27		5		2
10,1		8		6
10,49		7		8
10,8		6		7
10,41		6		7
10,42		5		4
10,39		5		7
10,12		8		8
10,14		8		4
10,15		7		1
10,11		8		6
10,40		8		0
10,23		8		7
10,47		5		8
10,29		6		8
11,1		8		4
11,3		8		6
11,9		7		2
11,44		6		0
11,13		8		5
11,48		7		8
11,20		7		2
11,25		7		10
11,28		7		4
12,1		5		10
12,6		6		3
12,38		5		1
12,8		7		6
12,15		5		8
12,16		8		3
12,25		5		6
12,26		5		7
12,27		8		0
12,28		7		5
12,30		5		3
12,31		6		8
13,32		8		7
13,39		5		5
13,8		5		6
13,9		5		3
13,43		5		9
13,46		6		6
13,18		6		8
13,22		7		9
13,28		8		10
13,29		7		2
13,30		5		5
14,32		5		4
14,42		7		0
14,43		8		5
14,45		8		1
14,18		8		7
14,19		5		4
14,21		7		3
14,24		7		1
14,26		7		9
14,27		5		6
14,29		8		4
15,2		5		2
15,7		6		10
15,11		6		4
15,44		6		8
15,34		7		8
15,16		7		2
15,50		8		2
15,22		5		2
15,25		7		2
15,26		7		1
16,5		6		5
16,7		7		2
16,9		7		3
16,39		7		6
16,12		5		0
16,13		8		0
16,46		7		10
16,47		5		10
16,49		6		1
16,20		6		7
16,14		7		3
16,22		6		4
16,23		7		2
16,24		8		2
16,26		5		5
16,27		7		6
16,30		8		9
16,31		5		9
17,32		7		8
17,1		6		1
17,34		7		7
17,36		6		4
17,37		7		1
17,42		5		6
17,44		8		0
17,15		5		2
17,18		6		1
17,19		5		7
17,26		7		3
17,28		5		1
18,6		7		8
18,8		8		7
18,41		5		2
18,12		6		8
18,14		7		6
18,47		5		5
18,16		7		3
18,49		8		0
18,9		6		0
18,24		5		2
18,25		8		7
18,29		7		8
18,30		8		9
19,34		6		5
19,35		7		9
19,36		5		7
19,39		6		7
19,8		6		9
19,45		8		1
19,46		6		8
19,13		5		8
19,23		5		3
20,2		8		5
20,5		5		1
20,6		7		1
20,41		8		4
20,10		7		3
20,50		6		10
20,14		7		0
20,16		7		6
20,18		8		10
20,9		6		7
20,28		7		1
20,30		5		10
20,31		8		8
21,35		6		9
21,38		6		3
21,6		5		5
21,7		6		9
21,41		8		7
21,39		5		4
21,45		5		1
21,46		7		10
21,25		6		0
21,29		5		9
21,31		7		0
22,33		5		10
22,35		6		6
22,36		7		7
22,40		6		8
22,11		7		7
22,14		5		4
22,20		5		6
22,27		5		9
23,32		6		7
23,1		8		10
23,36		7		3
23,6		8		0
23,40		6		5
23,42		7		6
23,43		7		0
23,44		5		0
23,14		7		2
23,16		6		0
23,20		5		7
23,22		5		1
23,4		6		1
24,33		6		0
24,35		7		6
24,6		8		6
24,44		8		1
24,14		8		5
24,15		5		5
24,49		5		7
24,25		5		1
24,26		7		0
24,28		7		5
24,29		5		5
25,1		6		3
25,34		5		6
25,35		8		4
25,4		8		0
25,37		6		3
25,6		8		2
25,9		8		2
25,43		6		7
25,46		6		2
25,23		8		2
25,24		7		9
25,30		8		8
25,31		7		2
26,34		5		6
26,35		5		7
26,6		6		4
26,7		6		8
26,40		6		1
26,9		8		3
26,10		7		4
26,11		8		2
26,13		8		1
26,14		8		9
26,20		7		0
26,25		6		8
26,27		6		6
26,28		6		1
27,32		8		5
27,2		8		2
27,35		6		10
27,4		8		1
27,37		6		2
27,40		8		8
27,10		7		3
27,43		7		10
27,45		5		2
27,46		8		6
27,15		6		3
27,29		8		7
27,5		7		6
28,1		6		10
28,34		5		5
28,3		7		9
28,5		5		6
28,6		6		4
28,17		8		2
28,16		5		4
28,49		5		2
28,23		5		6
28,24		7		1
28,29		5		10
28,30		7		2
29,2		8		10
29,35		6		1
29,40		5		6
29,41		8		6
29,10		8		10
29,43		8		3
29,14		5		9
29,48		5		4
29,50		6		7
29,19		8		9
29,31		7		7
30,33		7		10
30,35		8		4
30,8		8		7
30,41		6		8
30,11		8		3
30,18		5		6
30,16		6		3
30,40		7		3
30,50		8		2
30,28		8		1
31,2		8		8
31,3		7		5
31,4		8		2
31,5		6		9
31,39		6		6
31,40		5		5
31,41		8		6
31,42		5		3
31,7		6		1
31,12		7		0
31,34		8		10
31,15		7		3
31,48		8		9
31,18		7		0
31,24		7		9
31,26		6		1
31,27		8		6
31,10		8		1
32,4		8		3
32,38		8		8
32,7		5		5
32,10		6		3
32,43		7		2
32,45		7		6
32,46		8		8
32,13		6		6
32,50		5		1
32,21		6		5
32,23		7		3
32,36		6		7
32,15		6		4
33,32		7		10
33,1		5		0
33,35		7		0
33,38		6		0
33,6		7		1
33,7		5		2
33,8		7		10
33,50		6		0
33,14		7		4
33,16		6		3
33,18		7		1
33,19		6		1
33,21		5		8
33,24		8		5
33,25		5		0
34,35		7		4
34,43		5		2
34,45		7		2
34,18		7		8
34,19		6		4
34,23		8		5
34,29		8		2
35,32		6		8
35,2		6		8
35,8		6		2
35,12		6		0
35,42		6		2
35,45		6		8
35,44		7		6
35,18		7		1
35,46		7		2
35,15		5		0
35,50		6		6
35,19		7		8
35,25		6		6
35,10		6		2
36,32		5		6
36,42		8		8
36,11		8		6
36,12		6		4
36,13		5		1
36,14		7		1
36,16		5		2
36,17		5		5
36,50		6		5
36,21		5		8
36,22		6		1
36,23		5		10
36,25		6		7
36,31		5		0
37,16		7		5
37,6		7		8
37,39		6		6
37,8		5		5
37,10		8		7
37,45		5		5
37,46		6		8
37,48		7		5
37,17		7		9
37,18		8		7
37,14		5		10
37,23		7		3
37,21		8		2
37,31		6		0
38,33		6		9
38,36		7		8
38,48		8		0
38,40		7		6
38,42		6		3
38,11		8		1
38,46		8		9
38,15		6		5
38,16		8		4
38,17		7		5
38,31		7		6
39,32		6		5
39,34		5		8
39,38		5		6
39,8		5		4
39,11		6		6
39,44		5		9
39,45		8		0
39,46		8		4
39,14		8		4
39,23		5		4
39,28		5		0
39,29		8		4
39,30		7		7
39,31		5		6
40,32		5		9
40,34		5		8
40,35		7		2
40,6		7		5
40,39		8		3
40,47		5		10
40,18		5		0
40,19		7		2
40,31		7		3
41,2		6		6
41,5		8		2
41,11		8		5
41,44		8		0
41,48		6		5
41,17		8		10
41,24		5		1
41,27		5		1
41,31		5		0
42,32		6		9
42,34		6		5
42,35		6		3
42,4		6		1
42,7		8		2
42,12		5		4
42,14		6		9
42,16		5		5
42,17		7		5
42,50		8		3
42,27		5		3
43,33		7		0
43,38		8		4
43,39		6		6
43,9		8		8
43,10		6		6
43,44		6		4
43,18		6		10
43,27		5		7
43,28		8		9
44,4		8		2
44,39		6		6
44,41		5		5
44,10		7		1
44,11		6		2
44,17		5		1
44,23		6		4
44,31		5		2
45,34		5		0
45,37		7		5
45,38		8		10
45,10		5		1
45,44		6		2
45,13		8		6
45,46		8		9
45,15		6		8
45,14		6		4
45,47		6		7
45,28		8		10
46,36		6		8
46,7		6		5
46,8		7		0
46,11		6		7
46,20		6		5
46,21		7		0
46,23		8		7
47,33		6		6
47,34		7		0
47,35		7		10
47,37		8		2
47,7		5		8
47,8		7		8
47,10		7		9
47,46		6		4
47,48		5		10
47,18		8		2
47,28		7		8
47,30		5		10
48,36		8		0
48,37		7		6
48,38		8		8
48,39		6		6
48,41		5		5
48,12		5		3
48,45		6		0
48,14		5		7
48,44		6		5
48,20		8		4
48,23		8		7
48,24		8		8
48,27		7		5
49,32		5		9
49,2		6		7
49,37		7		10
49,42		7		7
49,11		5		1
49,14		5		6
49,16		8		6
49,18		6		2
49,46		6		4
49,23		8		2
49,27		7		5
49,28		8		3
49,29		5		4
49,31		5		10
50,3		8		6
50,4		6		0
50,7		8		4
50,11		8		4
50,14		5		9
50,17		7		0
50,18		8		2
50,19		6		0
50,21		8		6
50,22		8		8
50,23		7		1
50,29		7		7
50,32		5		8
50,34		5		7
50,35		7		0
50,38		8		5
50,40		7		1
50,41		6		5
50,42		5		10
50,44		7		3
50,46		7		5
50,48		6		9
50,49		8		6
;

end;
