set Nodes := 1 2 3 4 5 6 7 8 9 10 11 12 13 14 15 ;
set Arcs := (1, 8) (1, 9) (1, 10) (1, 12) (2, 8) (2, 9) (2, 3) (2, 5) (3, 1) (3, 10) (3, 12) (3, 13) (3, 14) (3, 15) (4, 8) (4, 2) (4, 11) (4, 5) (4, 6) (5, 4) (5, 6) (6, 9) (6, 12) (6, 5) (6, 7) (7, 1) (7, 2) (7, 6) (7, 8) (7, 9) (7, 12) (7, 15) (8, 1) (8, 2) (8, 3) (8, 6) (8, 7) (8, 12) (8, 13) (9, 4) (10, 3) (10, 5) (10, 7) (10, 8) (10, 9) (10, 12) (11, 1) (11, 10) (11, 7) (12, 1) (12, 4) (12, 5) (12, 8) (12, 11) (12, 13) (12, 15) (13, 9) (13, 6) (13, 14) (14, 3) (14, 13) (14, 7) (15, 1) (15, 2) (15, 3) (15, 4) (15, 6) (15, 9) (15, 11) (15, 12) ;


param b :=
1		23
2		25
3		11
4		12
5		26
6		3
7		35
8		0
9		0
10		0
11		0
12		0
13		0
14		0
15		-135
;

param:		u		c :=
1,8		37		11
1,9		24		35
1,10		32		21
1,12		23		31
2,8		29		19
2,9		34		37
2,3		20		34
2,5		34		0
3,1		23		12
3,10		20		11
3,12		23		34
3,13		23		30
3,14		31		24
3,15		23		20
4,8		35		36
4,2		34		25
4,11		31		34
4,5		31		5
4,6		30		8
5,4		33		31
5,6		31		24
6,9		24		28
6,12		33		39
6,5		29		5
6,7		23		35
7,1		28		19
7,2		21		17
7,6		29		12
7,8		34		11
7,9		35		17
7,12		34		16
7,15		34		10
8,1		29		26
8,2		27		18
8,3		36		29
8,6		29		13
8,7		36		36
8,12		20		10
8,13		37		25
9,4		26		11
10,3		32		40
10,5		36		33
10,7		34		0
10,8		36		18
10,9		35		8
10,12		31		7
11,1		38		1
11,10		23		11
11,7		23		6
12,1		35		7
12,4		35		30
12,5		21		12
12,8		21		38
12,11		21		7
12,13		30		37
12,15		35		29
13,9		26		12
13,6		27		22
13,14		34		24
14,3		35		24
14,13		30		8
14,7		28		4
15,1		36		4
15,2		23		0
15,3		28		15
15,4		27		22
15,6		25		15
15,9		23		36
15,11		37		36
15,12		20		40
;

end;
