set Nodes := 1 2 3 4 5 6 7 8 9 10 ;
set Arcs := (1, 2) (1, 3) (1, 4) (1, 5) (1, 6) (1, 7) (1, 10) (2, 1) (2, 3) (2, 4) (2, 5) (2, 7) (2, 8) (2, 9) (2, 10) (3, 8) (3, 9) (3, 5) (3, 6) (3, 7) (4, 8) (4, 9) (4, 1) (4, 6) (4, 7) (5, 1) (5, 2) (5, 3) (5, 6) (5, 8) (5, 9) (5, 10) (6, 1) (6, 2) (6, 3) (6, 4) (6, 5) (6, 7) (6, 8) (6, 9) (7, 1) (7, 3) (7, 6) (7, 9) (8, 1) (8, 3) (8, 4) (8, 5) (8, 7) (8, 10) (9, 1) (9, 5) (9, 6) (9, 7) (9, 8) (9, 10) (10, 1) (10, 2) (10, 3) (10, 4) ;


param b :=
1		17
2		18
3		11
4		8
5		4
6		0
7		0
8		0
9		0
10		-58
;

param:		u		c :=
1,2		15		25
1,3		16		19
1,4		14		7
1,5		17		14
1,6		12		16
1,7		14		39
1,10		13		4
2,1		17		3
2,3		17		12
2,4		15		1
2,5		10		7
2,7		14		13
2,8		15		27
2,9		11		16
2,10		18		0
3,8		12		23
3,9		16		29
3,5		18		18
3,6		13		16
3,7		12		10
4,8		14		24
4,9		13		3
4,1		13		21
4,6		17		9
4,7		11		30
5,1		12		18
5,2		17		28
5,3		16		14
5,6		15		14
5,8		10		29
5,9		14		30
5,10		10		0
6,1		11		37
6,2		10		35
6,3		18		8
6,4		13		15
6,5		18		21
6,7		18		21
6,8		14		35
6,9		14		37
7,1		16		9
7,3		12		18
7,6		12		34
7,9		14		40
8,1		11		22
8,3		14		7
8,4		11		31
8,5		14		4
8,7		10		32
8,10		18		39
9,1		12		26
9,5		14		28
9,6		12		4
9,7		11		36
9,8		13		26
9,10		16		35
10,1		18		21
10,2		11		37
10,3		17		0
10,4		12		10
;

end;
