set Nodes := 1 2 3 4 5 6 7 8 9 10 11 12 13 14 15 ;
set Arcs := (1, 2) (1, 5) (1, 8) (1, 9) (1, 10) (1, 12) (1, 15) (2, 1) (2, 3) (2, 4) (2, 5) (2, 6) (2, 8) (2, 9) (2, 10) (2, 11) (2, 12) (2, 13) (2, 14) (2, 15) (3, 1) (3, 2) (3, 6) (3, 8) (3, 9) (3, 10) (3, 11) (4, 1) (4, 2) (4, 5) (4, 6) (4, 7) (4, 8) (4, 9) (4, 10) (4, 11) (4, 12) (4, 13) (4, 14) (4, 15) (5, 1) (5, 2) (5, 3) (5, 4) (5, 6) (5, 9) (5, 10) (5, 11) (5, 12) (5, 13) (5, 14) (6, 1) (6, 2) (6, 3) (6, 7) (6, 9) (6, 10) (6, 11) (6, 12) (6, 13) (6, 15) (7, 1) (7, 2) (7, 3) (7, 5) (7, 6) (7, 8) (7, 9) (7, 11) (7, 12) (7, 13) (7, 14) (7, 15) (8, 1) (8, 6) (8, 7) (8, 10) (8, 11) (8, 12) (8, 13) (9, 1) (9, 2) (9, 4) (9, 5) (9, 6) (9, 7) (9, 8) (9, 10) (9, 11) (9, 13) (9, 14) (9, 15) (10, 1) (10, 4) (10, 5) (10, 6) (10, 7) (10, 8) (10, 9) (10, 11) (10, 12) (10, 15) (11, 1) (11, 2) (11, 3) (11, 5) (11, 6) (11, 8) (11, 10) (11, 12) (11, 13) (11, 15) (12, 1) (12, 4) (12, 5) (12, 6) (12, 8) (12, 9) (12, 10) (12, 11) (12, 13) (13, 2) (13, 3) (13, 5) (13, 6) (13, 9) (13, 11) (13, 12) (14, 3) (14, 4) (14, 5) (14, 6) (14, 7) (14, 9) (14, 10) (14, 11) (14, 12) (14, 13) (14, 15) (15, 1) (15, 4) (15, 5) (15, 6) (15, 7) (15, 8) (15, 9) (15, 11) (15, 12) (15, 13) (15, 14) ;


param b :=
1		22
2		32
3		21
4		39
5		4
6		35
7		23
8		0
9		0
10		0
11		0
12		0
13		0
14		0
15		-176
;

param:		u		c :=
1,2		22		19
1,5		30		24
1,8		28		25
1,9		30		14
1,10		35		11
1,12		38		36
1,15		21		25
2,1		37		12
2,3		25		20
2,4		34		40
2,5		28		1
2,6		32		17
2,8		21		31
2,9		25		26
2,10		36		29
2,11		33		7
2,12		36		24
2,13		23		10
2,14		37		36
2,15		38		36
3,1		37		32
3,2		24		1
3,6		24		0
3,8		23		19
3,9		28		7
3,10		26		35
3,11		37		10
4,1		22		34
4,2		24		30
4,5		25		40
4,6		37		16
4,7		38		38
4,8		23		24
4,9		30		19
4,10		34		20
4,11		20		13
4,12		22		32
4,13		22		31
4,14		20		17
4,15		32		11
5,1		31		25
5,2		27		37
5,3		29		19
5,4		20		20
5,6		31		5
5,9		29		1
5,10		31		40
5,11		38		21
5,12		30		0
5,13		28		19
5,14		35		30
6,1		29		28
6,2		25		18
6,3		35		15
6,7		28		7
6,9		22		36
6,10		38		36
6,11		32		19
6,12		30		8
6,13		21		35
6,15		26		19
7,1		21		0
7,2		32		36
7,3		34		36
7,5		24		13
7,6		36		8
7,8		31		17
7,9		24		24
7,11		31		29
7,12		20		3
7,13		34		20
7,14		37		20
7,15		34		29
8,1		28		32
8,6		20		1
8,7		32		26
8,10		34		27
8,11		26		19
8,12		37		27
8,13		32		13
9,1		36		39
9,2		20		36
9,4		35		30
9,5		25		24
9,6		22		27
9,7		28		23
9,8		35		13
9,10		26		18
9,11		37		35
9,13		21		21
9,14		30		9
9,15		38		38
10,1		20		13
10,4		36		9
10,5		32		2
10,6		27		39
10,7		30		38
10,8		28		12
10,9		27		17
10,11		24		10
10,12		22		29
10,15		22		32
11,1		33		18
11,2		26		23
11,3		31		19
11,5		25		9
11,6		38		2
11,8		31		15
11,10		36		32
11,12		25		23
11,13		22		23
11,15		31		30
12,1		29		21
12,4		31		18
12,5		38		4
12,6		33		23
12,8		35		2
12,9		36		1
12,10		37		40
12,11		22		26
12,13		37		25
13,2		36		32
13,3		21		8
13,5		29		3
13,6		30		9
13,9		28		21
13,11		31		36
13,12		21		3
14,3		34		34
14,4		32		8
14,5		30		5
14,6		20		12
14,7		30		27
14,9		36		13
14,10		20		15
14,11		33		19
14,12		33		37
14,13		34		31
14,15		33		20
15,1		38		15
15,4		33		6
15,5		32		20
15,6		26		34
15,7		26		7
15,8		24		1
15,9		31		10
15,11		23		8
15,12		34		39
15,13		28		14
15,14		33		26
;

end;
