set Nodes := 1 2 3 4 5 6 7 8 9 10 11 12 13 14 15 ;
set Arcs := (1, 2) (1, 5) (1, 7) (1, 10) (1, 11) (1, 15) (2, 1) (2, 6) (2, 13) (2, 14) (2, 5) (3, 9) (3, 2) (3, 4) (3, 13) (4, 1) (4, 10) (4, 12) (4, 7) (5, 1) (5, 3) (5, 4) (5, 13) (5, 6) (6, 8) (6, 12) (6, 5) (6, 14) (6, 13) (7, 8) (7, 9) (7, 2) (7, 11) (7, 12) (8, 3) (8, 9) (8, 10) (8, 11) (8, 12) (8, 13) (9, 6) (9, 7) (9, 10) (9, 11) (9, 12) (9, 13) (9, 14) (10, 1) (10, 2) (10, 3) (10, 7) (11, 9) (11, 3) (12, 8) (12, 1) (12, 4) (12, 14) (12, 6) (13, 4) (13, 5) (13, 14) (13, 7) (14, 9) (14, 2) (14, 11) (14, 4) (15, 8) (15, 1) (15, 6) (15, 9) ;


param b :=
1		16
2		3
3		8
4		26
5		3
6		31
7		17
8		0
9		0
10		0
11		0
12		0
13		0
14		0
15		-104
;

param:		u		c :=
1,2		22		3
1,5		28		30
1,7		21		16
1,10		31		18
1,11		32		29
1,15		30		40
2,1		32		31
2,6		34		12
2,13		34		16
2,14		28		16
2,5		31		26
3,9		37		5
3,2		21		40
3,4		31		37
3,13		33		6
4,1		30		16
4,10		37		0
4,12		24		4
4,7		20		34
5,1		25		39
5,3		21		32
5,4		38		21
5,13		28		13
5,6		20		9
6,8		26		11
6,12		35		36
6,5		33		21
6,14		34		34
6,13		34		22
7,8		35		11
7,9		26		0
7,2		38		10
7,11		27		32
7,12		28		24
8,3		31		4
8,9		23		40
8,10		22		38
8,11		23		17
8,12		33		30
8,13		22		35
9,6		31		22
9,7		26		33
9,10		34		34
9,11		30		21
9,12		27		2
9,13		28		39
9,14		32		20
10,1		25		30
10,2		37		28
10,3		20		27
10,7		21		17
11,9		31		25
11,3		32		30
12,8		26		10
12,1		23		11
12,4		22		10
12,14		37		14
12,6		35		34
13,4		26		2
13,5		24		27
13,14		23		32
13,7		20		26
14,9		38		23
14,2		26		24
14,11		32		6
14,4		26		20
15,8		27		0
15,1		36		38
15,6		20		27
15,9		33		2
;

end;
