set Nodes := 1 2 3 4 5 6 7 8 9 10 11 12 13 14 15 ;
set Arcs := (1, 2) (1, 3) (1, 4) (1, 5) (1, 7) (1, 8) (1, 9) (1, 10) (1, 11) (1, 12) (1, 14) (1, 15) (2, 3) (2, 4) (2, 5) (2, 7) (2, 8) (2, 9) (2, 10) (2, 13) (2, 14) (2, 15) (3, 2) (3, 4) (3, 5) (3, 6) (3, 10) (3, 11) (3, 12) (3, 13) (3, 14) (3, 15) (4, 1) (4, 2) (4, 3) (4, 6) (4, 7) (4, 10) (4, 11) (4, 12) (4, 13) (4, 14) (4, 15) (5, 1) (5, 2) (5, 3) (5, 4) (5, 6) (5, 7) (5, 8) (5, 9) (5, 10) (5, 11) (5, 13) (5, 14) (6, 1) (6, 3) (6, 4) (6, 7) (6, 8) (6, 9) (6, 10) (6, 11) (6, 12) (6, 14) (7, 1) (7, 2) (7, 3) (7, 5) (7, 6) (7, 10) (7, 11) (7, 12) (7, 13) (7, 15) (8, 3) (8, 4) (8, 6) (8, 7) (8, 11) (8, 12) (8, 13) (8, 14) (9, 2) (9, 4) (9, 5) (9, 6) (9, 7) (9, 8) (9, 10) (9, 12) (9, 13) (9, 15) (10, 2) (10, 3) (10, 4) (10, 5) (10, 7) (10, 8) (10, 9) (10, 11) (10, 12) (10, 15) (11, 1) (11, 3) (11, 5) (11, 7) (11, 8) (11, 9) (11, 12) (11, 13) (11, 14) (11, 15) (12, 2) (12, 4) (12, 6) (12, 8) (12, 9) (12, 11) (12, 13) (12, 14) (12, 15) (13, 1) (13, 3) (13, 4) (13, 6) (13, 7) (13, 9) (13, 10) (13, 11) (13, 12) (13, 14) (13, 15) (14, 1) (14, 2) (14, 3) (14, 4) (14, 5) (14, 6) (14, 8) (14, 10) (14, 12) (15, 4) (15, 5) (15, 6) (15, 8) (15, 9) (15, 11) (15, 13) (15, 14) ;


param b :=
1		4
2		20
3		12
4		27
5		22
6		21
7		16
8		0
9		0
10		0
11		0
12		0
13		0
14		0
15		-122
;

param:		u		c :=
1,2		23		1
1,3		20		21
1,4		24		37
1,5		33		30
1,7		26		23
1,8		37		32
1,9		30		17
1,10		28		37
1,11		37		2
1,12		29		35
1,14		20		38
1,15		35		39
2,3		27		18
2,4		37		27
2,5		23		33
2,7		36		28
2,8		34		1
2,9		24		32
2,10		32		32
2,13		37		33
2,14		32		23
2,15		38		32
3,2		29		32
3,4		22		36
3,5		36		22
3,6		25		39
3,10		27		34
3,11		23		8
3,12		34		9
3,13		20		9
3,14		37		39
3,15		30		29
4,1		29		28
4,2		34		37
4,3		35		37
4,6		26		3
4,7		22		26
4,10		36		25
4,11		26		31
4,12		27		6
4,13		37		1
4,14		24		3
4,15		29		36
5,1		30		15
5,2		32		4
5,3		32		14
5,4		20		23
5,6		38		19
5,7		30		18
5,8		33		23
5,9		28		31
5,10		25		37
5,11		37		5
5,13		21		6
5,14		31		32
6,1		32		23
6,3		35		40
6,4		28		11
6,7		20		21
6,8		32		13
6,9		22		14
6,10		25		38
6,11		33		21
6,12		29		23
6,14		34		19
7,1		23		33
7,2		34		12
7,3		27		21
7,5		32		29
7,6		24		18
7,10		20		8
7,11		26		7
7,12		32		39
7,13		32		23
7,15		30		11
8,3		26		36
8,4		30		10
8,6		38		2
8,7		27		8
8,11		20		16
8,12		26		14
8,13		34		27
8,14		22		33
9,2		34		36
9,4		35		39
9,5		26		37
9,6		35		20
9,7		34		18
9,8		29		23
9,10		28		6
9,12		24		22
9,13		33		30
9,15		35		39
10,2		26		6
10,3		30		24
10,4		26		5
10,5		37		22
10,7		28		37
10,8		34		27
10,9		36		26
10,11		33		4
10,12		32		27
10,15		32		23
11,1		22		18
11,3		27		38
11,5		37		27
11,7		24		3
11,8		22		23
11,9		32		0
11,12		32		39
11,13		25		14
11,14		30		19
11,15		20		40
12,2		21		10
12,4		22		21
12,6		27		38
12,8		21		26
12,9		25		1
12,11		33		14
12,13		31		24
12,14		36		27
12,15		29		33
13,1		20		8
13,3		36		9
13,4		24		35
13,6		21		37
13,7		20		30
13,9		25		25
13,10		38		18
13,11		34		3
13,12		24		4
13,14		22		5
13,15		22		36
14,1		30		3
14,2		20		17
14,3		35		24
14,4		22		33
14,5		38		30
14,6		24		38
14,8		34		13
14,10		21		7
14,12		30		18
15,4		38		34
15,5		28		15
15,6		31		12
15,8		21		37
15,9		28		3
15,11		29		32
15,13		34		21
15,14		21		23
;

end;
