set Nodes := 1 2 3 4 5 6 7 8 9 10 ;
set Arcs := (1, 8) (1, 2) (1, 10) (1, 5) (2, 8) (2, 9) (2, 4) (2, 5) (2, 6) (3, 2) (3, 4) (3, 5) (3, 6) (3, 8) (3, 9) (4, 8) (4, 10) (4, 3) (4, 5) (4, 6) (5, 2) (5, 3) (5, 4) (5, 6) (5, 7) (5, 8) (5, 9) (6, 1) (6, 2) (6, 3) (6, 4) (6, 5) (6, 7) (6, 8) (6, 9) (6, 10) (7, 2) (7, 3) (7, 5) (7, 8) (7, 9) (7, 10) (8, 1) (8, 2) (8, 3) (8, 4) (8, 5) (8, 7) (8, 9) (9, 1) (9, 3) (9, 4) (9, 7) (9, 8) (9, 10) (10, 1) (10, 2) (10, 5) (10, 6) (10, 7) ;


param b :=
1		13
2		8
3		12
4		2
5		12
6		0
7		0
8		0
9		0
10		-47
;

param:		u		c :=
1,8		13		15
1,2		11		24
1,10		11		18
1,5		13		3
2,8		12		1
2,9		14		9
2,4		16		2
2,5		18		17
2,6		12		27
3,2		10		4
3,4		18		38
3,5		11		32
3,6		15		27
3,8		13		33
3,9		15		1
4,8		16		18
4,10		11		7
4,3		14		27
4,5		13		31
4,6		12		37
5,2		18		30
5,3		11		28
5,4		12		21
5,6		12		2
5,7		11		9
5,8		18		18
5,9		10		18
6,1		12		38
6,2		11		19
6,3		18		6
6,4		14		4
6,5		13		7
6,7		18		30
6,8		15		20
6,9		14		38
6,10		17		21
7,2		17		29
7,3		10		10
7,5		17		37
7,8		18		7
7,9		10		3
7,10		12		4
8,1		15		11
8,2		10		23
8,3		16		2
8,4		11		21
8,5		14		8
8,7		17		30
8,9		18		27
9,1		17		7
9,3		15		33
9,4		18		8
9,7		14		30
9,8		18		7
9,10		12		36
10,1		18		19
10,2		16		28
10,5		10		26
10,6		13		34
10,7		10		13
;

end;
