set Nodes := 1 2 3 4 5 6 7 8 9 10 11 12 13 14 15 ;
set Arcs := (1, 9) (1, 2) (1, 5) (2, 9) (2, 3) (2, 4) (2, 6) (3, 11) (3, 5) (3, 6) (4, 8) (4, 9) (4, 2) (4, 1) (5, 1) (5, 10) (5, 4) (5, 14) (5, 15) (6, 3) (6, 5) (6, 7) (6, 9) (6, 10) (6, 11) (6, 15) (7, 8) (7, 13) (8, 9) (8, 12) (8, 6) (8, 1) (9, 1) (9, 2) (9, 12) (9, 5) (9, 4) (10, 8) (10, 1) (10, 2) (10, 6) (11, 9) (11, 2) (11, 3) (11, 13) (11, 6) (12, 1) (12, 5) (12, 6) (12, 9) (12, 11) (12, 13) (12, 14) (12, 15) (13, 2) (13, 3) (13, 10) (13, 14) (13, 15) (14, 2) (14, 4) (14, 5) (14, 7) (14, 9) (14, 15) (15, 10) (15, 4) (15, 5) (15, 14) (15, 7) ;


param b :=
1		40
2		6
3		9
4		12
5		2
6		14
7		33
8		0
9		0
10		0
11		0
12		0
13		0
14		0
15		-116
;

param:		u		c :=
1,9		24		5
1,2		35		25
1,5		25		0
2,9		34		36
2,3		27		1
2,4		28		10
2,6		20		19
3,11		35		22
3,5		33		12
3,6		37		33
4,8		34		20
4,9		21		36
4,2		31		40
4,1		25		0
5,1		28		25
5,10		37		26
5,4		35		2
5,14		20		17
5,15		27		16
6,3		36		11
6,5		26		6
6,7		27		7
6,9		26		23
6,10		34		20
6,11		37		19
6,15		25		31
7,8		24		7
7,13		38		18
8,9		21		30
8,12		28		13
8,6		22		0
8,1		27		15
9,1		25		10
9,2		38		12
9,12		33		17
9,5		35		15
9,4		32		40
10,8		21		32
10,1		21		26
10,2		24		39
10,6		34		5
11,9		36		34
11,2		26		40
11,3		31		0
11,13		21		14
11,6		32		29
12,1		20		37
12,5		35		19
12,6		35		1
12,9		27		8
12,11		34		37
12,13		23		7
12,14		33		19
12,15		20		39
13,2		30		27
13,3		23		1
13,10		30		5
13,14		38		39
13,15		23		26
14,2		22		8
14,4		30		9
14,5		26		0
14,7		27		28
14,9		29		12
14,15		23		12
15,10		26		10
15,4		24		19
15,5		36		6
15,14		29		24
15,7		24		32
;

end;
