set Nodes := 1 2 3 4 5 6 7 8 9 10 ;
set Arcs := (1, 2) (1, 3) (1, 5) (1, 6) (1, 7) (1, 9) (1, 10) (2, 9) (2, 10) (2, 3) (2, 5) (2, 1) (3, 8) (3, 10) (3, 2) (3, 6) (3, 7) (4, 9) (4, 10) (4, 3) (4, 6) (4, 7) (5, 2) (5, 3) (5, 4) (5, 7) (5, 9) (5, 10) (6, 1) (6, 4) (6, 5) (6, 7) (6, 9) (6, 10) (7, 1) (7, 2) (7, 3) (7, 5) (7, 6) (7, 8) (8, 1) (8, 2) (8, 3) (8, 5) (8, 7) (9, 1) (9, 2) (9, 3) (9, 5) (9, 6) (9, 7) (9, 8) (9, 10) (10, 2) (10, 3) (10, 4) (10, 5) (10, 6) (10, 7) (10, 9) ;


param b :=
1		9
2		20
3		8
4		7
5		6
6		0
7		0
8		0
9		0
10		-50
;

param:		u		c :=
1,2		13		27
1,3		12		9
1,5		16		19
1,6		12		20
1,7		16		32
1,9		12		17
1,10		13		34
2,9		14		18
2,10		10		28
2,3		15		39
2,5		10		22
2,1		10		40
3,8		18		27
3,10		16		40
3,2		11		3
3,6		10		28
3,7		16		25
4,9		14		29
4,10		11		28
4,3		10		19
4,6		14		29
4,7		10		38
5,2		12		31
5,3		12		4
5,4		15		18
5,7		16		36
5,9		10		0
5,10		17		17
6,1		13		23
6,4		18		27
6,5		13		29
6,7		17		35
6,9		13		22
6,10		18		7
7,1		14		7
7,2		18		12
7,3		17		24
7,5		14		16
7,6		15		6
7,8		16		4
8,1		11		16
8,2		17		34
8,3		18		21
8,5		18		12
8,7		12		10
9,1		13		38
9,2		13		3
9,3		12		2
9,5		13		26
9,6		11		20
9,7		11		16
9,8		14		6
9,10		10		27
10,2		14		15
10,3		16		40
10,4		12		2
10,5		13		14
10,6		11		39
10,7		18		19
10,9		10		15
;

end;
