set Nodes := 1 2 3 4 5 6 7 8 9 10 11 12 13 14 15 ;
set Arcs := (1, 2) (1, 3) (1, 5) (1, 6) (1, 7) (1, 8) (1, 9) (1, 10) (1, 11) (1, 13) (1, 14) (1, 15) (2, 3) (2, 4) (2, 6) (2, 7) (2, 8) (2, 10) (2, 11) (2, 15) (3, 1) (3, 5) (3, 6) (3, 8) (3, 9) (3, 10) (3, 12) (3, 14) (4, 2) (4, 5) (4, 6) (4, 7) (4, 9) (4, 10) (4, 11) (4, 12) (4, 14) (5, 4) (5, 7) (5, 8) (5, 9) (5, 10) (5, 11) (5, 12) (5, 13) (6, 1) (6, 2) (6, 5) (6, 7) (6, 8) (6, 10) (6, 11) (6, 12) (6, 13) (6, 14) (7, 1) (7, 2) (7, 3) (7, 4) (7, 5) (7, 6) (7, 8) (7, 9) (7, 10) (7, 12) (7, 13) (7, 14) (7, 15) (8, 1) (8, 2) (8, 5) (8, 7) (8, 9) (8, 11) (8, 12) (8, 13) (8, 14) (9, 2) (9, 3) (9, 5) (9, 6) (9, 7) (9, 10) (9, 11) (9, 12) (9, 13) (9, 15) (10, 1) (10, 2) (10, 3) (10, 4) (10, 5) (10, 7) (10, 9) (10, 11) (10, 12) (10, 13) (10, 14) (10, 15) (11, 2) (11, 4) (11, 5) (11, 6) (11, 12) (11, 15) (12, 1) (12, 2) (12, 3) (12, 4) (12, 6) (12, 8) (12, 9) (12, 11) (12, 13) (12, 14) (12, 15) (13, 2) (13, 3) (13, 4) (13, 5) (13, 7) (13, 8) (13, 9) (13, 10) (13, 11) (13, 14) (13, 15) (14, 1) (14, 2) (14, 3) (14, 4) (14, 5) (14, 6) (14, 8) (14, 9) (14, 11) (14, 12) (14, 13) (14, 15) (15, 1) (15, 4) (15, 5) (15, 6) (15, 7) (15, 8) (15, 9) (15, 10) (15, 12) (15, 13) (15, 14) ;


param b :=
1		35
2		3
3		2
4		26
5		36
6		38
7		19
8		0
9		0
10		0
11		0
12		0
13		0
14		0
15		-159
;

param:		u		c :=
1,2		32		11
1,3		31		13
1,5		29		5
1,6		21		25
1,7		20		15
1,8		35		9
1,9		32		6
1,10		23		37
1,11		36		22
1,13		32		1
1,14		32		22
1,15		32		35
2,3		38		29
2,4		20		17
2,6		26		19
2,7		35		32
2,8		36		23
2,10		36		38
2,11		31		22
2,15		31		29
3,1		23		34
3,5		26		2
3,6		32		33
3,8		20		2
3,9		26		30
3,10		33		31
3,12		33		20
3,14		32		2
4,2		37		39
4,5		34		29
4,6		33		28
4,7		38		25
4,9		24		15
4,10		29		14
4,11		32		33
4,12		28		7
4,14		20		6
5,4		31		26
5,7		21		11
5,8		26		22
5,9		30		11
5,10		34		32
5,11		34		33
5,12		32		21
5,13		27		29
6,1		24		30
6,2		38		14
6,5		36		16
6,7		33		14
6,8		24		33
6,10		35		33
6,11		36		4
6,12		24		19
6,13		25		14
6,14		36		0
7,1		31		19
7,2		21		33
7,3		36		11
7,4		33		21
7,5		30		28
7,6		35		6
7,8		24		38
7,9		29		34
7,10		35		9
7,12		38		23
7,13		24		37
7,14		28		23
7,15		29		1
8,1		31		1
8,2		37		29
8,5		23		25
8,7		23		4
8,9		21		8
8,11		34		0
8,12		32		25
8,13		21		16
8,14		38		3
9,2		33		4
9,3		26		13
9,5		32		25
9,6		30		11
9,7		38		12
9,10		36		38
9,11		38		39
9,12		25		28
9,13		20		35
9,15		26		37
10,1		36		39
10,2		26		21
10,3		38		31
10,4		24		35
10,5		30		4
10,7		27		10
10,9		34		24
10,11		24		7
10,12		20		18
10,13		25		7
10,14		29		31
10,15		28		3
11,2		20		14
11,4		29		39
11,5		29		5
11,6		21		6
11,12		20		14
11,15		31		25
12,1		34		8
12,2		20		23
12,3		30		3
12,4		37		40
12,6		35		33
12,8		27		29
12,9		30		9
12,11		30		15
12,13		34		24
12,14		22		25
12,15		35		7
13,2		21		9
13,3		32		19
13,4		31		31
13,5		29		32
13,7		20		22
13,8		21		17
13,9		23		2
13,10		26		17
13,11		21		21
13,14		27		40
13,15		26		18
14,1		23		20
14,2		24		20
14,3		28		4
14,4		32		36
14,5		25		3
14,6		31		39
14,8		36		7
14,9		38		9
14,11		30		7
14,12		29		31
14,13		21		0
14,15		23		20
15,1		27		28
15,4		21		27
15,5		35		33
15,6		30		13
15,7		30		32
15,8		21		21
15,9		22		20
15,10		32		6
15,12		28		11
15,13		33		9
15,14		36		26
;

end;
