set Nodes := 1 2 3 4 5 6 7 8 9 10 ;
set Arcs := (1, 9) (1, 2) (1, 3) (1, 5) (1, 6) (2, 9) (2, 10) (3, 9) (3, 4) (4, 8) (4, 9) (4, 2) (4, 5) (4, 7) (5, 8) (5, 1) (5, 10) (5, 2) (6, 2) (6, 5) (7, 1) (7, 3) (7, 4) (7, 5) (7, 8) (7, 9) (7, 10) (8, 10) (8, 2) (8, 6) (9, 2) (9, 3) (9, 5) (9, 6) (9, 7) (9, 8) (10, 8) (10, 1) (10, 3) (10, 6) ;


param b :=
1		3
2		9
3		17
4		16
5		5
6		0
7		0
8		0
9		0
10		-50
;

param:		u		c :=
1,9		12		29
1,2		17		35
1,3		13		15
1,5		14		21
1,6		11		23
2,9		12		5
2,10		11		12
3,9		13		20
3,4		11		15
4,8		11		40
4,9		12		5
4,2		13		8
4,5		11		23
4,7		17		2
5,8		12		0
5,1		11		34
5,10		13		25
5,2		15		19
6,2		12		7
6,5		18		25
7,1		12		8
7,3		13		28
7,4		17		11
7,5		13		18
7,8		18		21
7,9		12		12
7,10		15		21
8,10		17		16
8,2		10		7
8,6		17		10
9,2		18		10
9,3		16		17
9,5		13		1
9,6		11		35
9,7		17		27
9,8		10		12
10,8		15		25
10,1		11		39
10,3		12		5
10,6		15		39
;

end;
