set Nodes := 1 2 3 4 5 6 7 8 9 10 ;
set Arcs := (1, 8) (1, 2) (1, 6) (1, 7) (2, 1) (2, 3) (2, 4) (2, 5) (2, 8) (2, 10) (3, 10) (3, 5) (4, 8) (4, 2) (4, 7) (5, 8) (5, 10) (6, 3) (6, 7) (7, 1) (7, 2) (7, 4) (7, 5) (7, 6) (7, 9) (7, 10) (8, 9) (8, 10) (8, 3) (8, 2) (8, 5) (9, 1) (9, 2) (9, 3) (9, 6) (9, 7) (10, 9) (10, 4) (10, 1) (10, 7) ;


param b :=
1		4
2		16
3		17
4		13
5		6
6		0
7		0
8		0
9		0
10		-56
;

param:		u		c :=
1,8		15		7
1,2		11		39
1,6		12		18
1,7		14		24
2,1		11		1
2,3		15		13
2,4		10		38
2,5		10		10
2,8		17		4
2,10		11		28
3,10		14		24
3,5		17		21
4,8		13		10
4,2		14		20
4,7		15		4
5,8		12		27
5,10		15		18
6,3		14		9
6,7		16		40
7,1		18		36
7,2		10		6
7,4		18		18
7,5		17		38
7,6		16		34
7,9		14		15
7,10		16		40
8,9		14		22
8,10		17		31
8,3		17		21
8,2		18		8
8,5		18		18
9,1		15		32
9,2		12		14
9,3		18		39
9,6		13		24
9,7		11		6
10,9		16		0
10,4		16		33
10,1		10		1
10,7		17		24
;

end;
