set Nodes := 1 2 3 4 5 6 7 8 9 10 ;
set Arcs := (1, 8) (1, 9) (2, 3) (2, 4) (2, 5) (2, 7) (3, 8) (3, 2) (3, 5) (3, 6) (3, 7) (4, 1) (4, 10) (4, 2) (4, 5) (5, 10) (5, 3) (5, 4) (5, 7) (6, 1) (6, 10) (6, 4) (6, 5) (7, 8) (7, 4) (7, 5) (8, 1) (8, 4) (8, 6) (8, 7) (8, 9) (8, 10) (9, 8) (9, 10) (9, 3) (10, 9) (10, 2) (10, 3) (10, 5) (10, 7) ;


param b :=
1		11
2		8
3		3
4		8
5		8
6		0
7		0
8		0
9		0
10		-38
;

param:		u		c :=
1,8		18		32
1,9		15		0
2,3		15		35
2,4		12		3
2,5		15		12
2,7		11		3
3,8		17		13
3,2		12		40
3,5		17		17
3,6		18		37
3,7		12		28
4,1		16		7
4,10		14		2
4,2		13		18
4,5		15		5
5,10		18		17
5,3		12		14
5,4		15		16
5,7		10		30
6,1		11		30
6,10		10		26
6,4		17		4
6,5		13		7
7,8		15		4
7,4		14		37
7,5		13		27
8,1		16		2
8,4		14		37
8,6		15		39
8,7		10		9
8,9		16		34
8,10		16		16
9,8		11		17
9,10		11		17
9,3		10		37
10,9		18		1
10,2		13		36
10,3		17		27
10,5		18		3
10,7		13		23
;

end;
