set Nodes := 1 2 3 4 5 6 7 8 9 10 11 12 13 14 15 16 17 18 19 20 ;
set Arcs := (1, 5) (1, 6) (1, 11) (1, 12) (1, 14) (1, 15) (1, 16) (1, 17) (1, 18) (1, 19) (2, 4) (2, 5) (2, 6) (2, 7) (2, 9) (2, 10) (2, 15) (3, 1) (3, 2) (3, 4) (3, 5) (3, 6) (3, 10) (3, 12) (3, 13) (3, 17) (3, 18) (4, 3) (4, 6) (4, 7) (4, 9) (4, 18) (4, 19) (4, 20) (5, 1) (5, 2) (5, 3) (5, 4) (5, 6) (5, 7) (5, 12) (5, 13) (5, 14) (5, 15) (5, 17) (6, 1) (6, 2) (6, 3) (6, 5) (6, 7) (6, 8) (6, 20) (7, 1) (7, 3) (7, 4) (7, 5) (7, 9) (7, 10) (7, 11) (7, 13) (7, 19) (8, 3) (8, 7) (8, 12) (8, 13) (8, 16) (8, 17) (8, 19) (8, 20) (9, 2) (9, 4) (9, 6) (9, 10) (9, 15) (9, 18) (10, 4) (10, 7) (10, 8) (10, 11) (10, 12) (10, 15) (10, 17) (10, 20) (11, 1) (11, 2) (11, 4) (11, 5) (11, 6) (11, 8) (11, 10) (11, 13) (11, 14) (11, 17) (11, 18) (12, 1) (12, 3) (12, 4) (12, 5) (12, 7) (12, 8) (12, 9) (12, 10) (12, 14) (12, 20) (13, 5) (13, 10) (13, 15) (13, 17) (13, 19) (13, 20) (14, 1) (14, 4) (14, 5) (14, 9) (14, 10) (14, 11) (14, 13) (14, 16) (14, 17) (14, 18) (14, 20) (15, 1) (15, 3) (15, 4) (15, 5) (15, 6) (15, 8) (15, 9) (15, 10) (15, 11) (15, 12) (15, 13) (15, 16) (15, 19) (16, 1) (16, 6) (16, 7) (16, 8) (16, 13) (16, 14) (16, 15) (16, 19) (17, 1) (17, 3) (17, 4) (17, 6) (17, 7) (17, 8) (17, 11) (17, 12) (17, 13) (18, 2) (18, 3) (18, 6) (18, 8) (18, 9) (18, 10) (18, 11) (18, 13) (18, 14) (18, 15) (18, 16) (18, 17) (18, 20) (19, 1) (19, 2) (19, 5) (19, 6) (19, 8) (19, 9) (19, 11) (19, 12) (19, 13) (19, 14) (19, 15) (19, 18) (19, 20) (20, 1) (20, 2) (20, 6) (20, 7) (20, 8) (20, 9) (20, 10) (20, 12) (20, 15) (20, 16) (20, 17) (20, 18) (20, 19) ;


param b :=
1		6
2		6
3		2
4		1
5		7
6		10
7		15
8		12
9		10
10		10
11		0
12		0
13		0
14		0
15		0
16		0
17		0
18		0
19		0
20		-79
;

param:		u		c :=
1,5		8		58
1,6		5		3
1,11		7		42
1,12		5		11
1,14		5		37
1,15		6		51
1,16		8		2
1,17		5		5
1,18		6		31
1,19		7		37
2,4		8		19
2,5		6		6
2,6		7		27
2,7		8		0
2,9		6		9
2,10		6		40
2,15		8		42
3,1		8		34
3,2		7		20
3,4		5		8
3,5		5		19
3,6		8		10
3,10		8		37
3,12		7		55
3,13		6		5
3,17		7		59
3,18		5		8
4,3		7		58
4,6		8		41
4,7		7		10
4,9		7		54
4,18		6		40
4,19		7		33
4,20		5		14
5,1		7		26
5,2		8		0
5,3		6		33
5,4		5		54
5,6		7		36
5,7		5		46
5,12		5		34
5,13		6		25
5,14		6		33
5,15		8		49
5,17		6		16
6,1		8		34
6,2		7		4
6,3		7		54
6,5		5		53
6,7		7		12
6,8		8		50
6,20		5		3
7,1		5		18
7,3		7		22
7,4		6		31
7,5		8		56
7,9		7		8
7,10		5		6
7,11		8		34
7,13		5		4
7,19		8		56
8,3		6		28
8,7		5		20
8,12		5		58
8,13		8		12
8,16		7		0
8,17		5		31
8,19		5		23
8,20		5		58
9,2		8		10
9,4		8		6
9,6		8		37
9,10		6		59
9,15		7		9
9,18		6		36
10,4		6		34
10,7		8		8
10,8		7		11
10,11		5		45
10,12		7		44
10,15		6		58
10,17		5		2
10,20		8		49
11,1		8		26
11,2		5		27
11,4		5		11
11,5		5		33
11,6		7		16
11,8		5		51
11,10		5		35
11,13		5		20
11,14		6		26
11,17		6		12
11,18		7		42
12,1		5		54
12,3		5		41
12,4		5		31
12,5		5		9
12,7		7		7
12,8		5		46
12,9		6		34
12,10		7		32
12,14		6		10
12,20		8		15
13,5		6		13
13,10		8		6
13,15		7		20
13,17		8		10
13,19		7		45
13,20		7		28
14,1		8		17
14,4		5		48
14,5		5		50
14,9		6		45
14,10		6		15
14,11		7		12
14,13		6		56
14,16		7		57
14,17		8		33
14,18		5		27
14,20		6		37
15,1		5		29
15,3		5		12
15,4		6		37
15,5		8		3
15,6		8		15
15,8		8		44
15,9		7		36
15,10		6		12
15,11		5		21
15,12		7		52
15,13		5		50
15,16		8		18
15,19		8		24
16,1		7		18
16,6		5		57
16,7		7		36
16,8		5		47
16,13		8		19
16,14		5		49
16,15		8		56
16,19		8		53
17,1		7		12
17,3		5		7
17,4		7		33
17,6		5		17
17,7		7		29
17,8		8		43
17,11		6		51
17,12		7		37
17,13		7		51
18,2		8		8
18,3		6		54
18,6		5		28
18,8		6		50
18,9		5		39
18,10		6		56
18,11		6		4
18,13		6		4
18,14		8		55
18,15		5		20
18,16		5		58
18,17		7		56
18,20		6		3
19,1		7		31
19,2		8		25
19,5		8		34
19,6		6		36
19,8		5		6
19,9		7		12
19,11		5		37
19,12		5		8
19,13		8		60
19,14		8		44
19,15		7		35
19,18		5		27
19,20		7		54
20,1		8		47
20,2		8		44
20,6		6		12
20,7		6		40
20,8		7		48
20,9		8		46
20,10		8		15
20,12		7		13
20,15		5		54
20,16		8		32
20,17		5		39
20,18		6		54
20,19		5		22
;

end;
