set Nodes := 1 2 3 4 5 6 7 8 9 10 11 12 13 14 15 16 17 18 19 20 ;
set Arcs := (1, 2) (1, 3) (1, 4) (1, 5) (1, 6) (1, 9) (1, 11) (1, 12) (1, 15) (1, 18) (1, 19) (1, 20) (2, 1) (2, 3) (2, 4) (2, 5) (2, 6) (2, 8) (2, 9) (2, 10) (2, 15) (2, 19) (3, 2) (3, 4) (3, 8) (3, 10) (3, 11) (3, 12) (3, 13) (3, 14) (3, 16) (3, 19) (3, 20) (4, 1) (4, 5) (4, 8) (4, 10) (4, 12) (4, 15) (4, 16) (4, 17) (4, 19) (5, 3) (5, 7) (5, 9) (5, 11) (5, 14) (5, 15) (5, 18) (5, 19) (6, 7) (6, 11) (6, 12) (6, 15) (6, 17) (6, 18) (6, 19) (6, 20) (7, 2) (7, 4) (7, 6) (7, 8) (7, 9) (7, 10) (7, 11) (7, 12) (7, 13) (7, 15) (7, 18) (7, 19) (8, 1) (8, 2) (8, 3) (8, 4) (8, 6) (8, 7) (8, 10) (8, 12) (8, 13) (8, 15) (8, 17) (8, 18) (9, 3) (9, 4) (9, 5) (9, 6) (9, 8) (9, 10) (9, 11) (9, 12) (9, 14) (9, 16) (9, 17) (9, 19) (10, 1) (10, 3) (10, 4) (10, 5) (10, 12) (10, 13) (10, 15) (10, 16) (11, 1) (11, 7) (11, 13) (11, 14) (11, 15) (11, 18) (12, 1) (12, 2) (12, 4) (12, 5) (12, 7) (12, 8) (12, 11) (12, 13) (12, 15) (13, 2) (13, 3) (13, 4) (13, 5) (13, 7) (13, 8) (13, 11) (13, 14) (13, 17) (13, 18) (13, 19) (14, 4) (14, 6) (14, 7) (14, 8) (14, 11) (14, 12) (14, 17) (14, 18) (14, 19) (15, 16) (15, 1) (15, 18) (15, 4) (16, 1) (16, 2) (16, 3) (16, 4) (16, 5) (16, 6) (16, 7) (16, 9) (16, 10) (16, 12) (16, 13) (16, 17) (17, 3) (17, 7) (17, 9) (17, 10) (17, 13) (17, 14) (17, 15) (17, 18) (17, 20) (18, 6) (18, 8) (18, 11) (18, 12) (18, 16) (18, 17) (18, 19) (19, 1) (19, 3) (19, 6) (19, 7) (19, 8) (19, 9) (19, 11) (19, 15) (19, 16) (19, 20) (20, 3) (20, 4) (20, 5) (20, 6) (20, 7) (20, 9) (20, 10) (20, 13) (20, 16) (20, 18) (20, 19) ;


param b :=
1		4
2		13
3		1
4		1
5		3
6		4
7		12
8		4
9		2
10		7
11		0
12		0
13		0
14		0
15		0
16		0
17		0
18		0
19		0
20		-51
;

param:		u		c :=
1,2		7		10
1,3		8		4
1,4		5		1
1,5		7		3
1,6		5		6
1,9		5		0
1,11		6		1
1,12		5		9
1,15		7		3
1,18		5		8
1,19		7		8
1,20		7		1
2,1		5		7
2,3		8		8
2,4		5		9
2,5		7		4
2,6		7		0
2,8		6		8
2,9		5		6
2,10		7		6
2,15		7		8
2,19		7		2
3,2		8		1
3,4		7		3
3,8		8		10
3,10		8		1
3,11		5		4
3,12		5		1
3,13		8		2
3,14		8		3
3,16		7		4
3,19		7		4
3,20		5		2
4,1		7		0
4,5		8		2
4,8		8		1
4,10		6		7
4,12		5		5
4,15		6		1
4,16		7		10
4,17		5		2
4,19		8		3
5,3		7		0
5,7		7		1
5,9		7		1
5,11		6		3
5,14		5		0
5,15		8		8
5,18		7		5
5,19		5		9
6,7		8		0
6,11		6		10
6,12		7		7
6,15		6		0
6,17		8		10
6,18		5		9
6,19		5		10
6,20		6		2
7,2		5		0
7,4		7		4
7,6		7		8
7,8		8		6
7,9		8		6
7,10		5		8
7,11		8		3
7,12		6		3
7,13		8		6
7,15		8		6
7,18		5		0
7,19		7		5
8,1		8		8
8,2		5		9
8,3		6		5
8,4		6		8
8,6		8		10
8,7		6		9
8,10		8		7
8,12		7		5
8,13		7		2
8,15		6		2
8,17		8		9
8,18		8		1
9,3		8		0
9,4		6		7
9,5		6		7
9,6		7		6
9,8		6		6
9,10		6		6
9,11		7		2
9,12		7		9
9,14		7		5
9,16		5		10
9,17		8		9
9,19		7		9
10,1		6		7
10,3		7		9
10,4		8		7
10,5		5		4
10,12		7		0
10,13		7		3
10,15		6		6
10,16		5		8
11,1		6		1
11,7		8		10
11,13		8		8
11,14		7		4
11,15		6		7
11,18		8		10
12,1		6		6
12,2		5		6
12,4		5		3
12,5		6		3
12,7		5		0
12,8		7		3
12,11		6		8
12,13		8		5
12,15		7		8
13,2		5		4
13,3		6		9
13,4		5		4
13,5		7		8
13,7		6		10
13,8		7		9
13,11		8		9
13,14		8		2
13,17		8		9
13,18		7		8
13,19		6		0
14,4		5		4
14,6		5		1
14,7		8		8
14,8		7		6
14,11		5		6
14,12		6		0
14,17		5		9
14,18		6		6
14,19		6		10
15,16		5		6
15,1		8		10
15,18		8		1
15,4		6		4
16,1		8		5
16,2		7		1
16,3		5		9
16,4		8		6
16,5		6		4
16,6		5		9
16,7		5		9
16,9		5		9
16,10		7		9
16,12		7		3
16,13		6		0
16,17		8		0
17,3		5		1
17,7		8		10
17,9		8		6
17,10		8		9
17,13		7		9
17,14		7		4
17,15		5		2
17,18		7		8
17,20		8		10
18,6		7		8
18,8		8		10
18,11		8		4
18,12		7		2
18,16		5		1
18,17		7		0
18,19		8		8
19,1		6		5
19,3		5		1
19,6		8		9
19,7		5		10
19,8		5		3
19,9		5		0
19,11		6		6
19,15		7		6
19,16		6		8
19,20		6		6
20,3		6		3
20,4		8		7
20,5		8		2
20,6		6		7
20,7		6		8
20,9		8		2
20,10		5		5
20,13		8		4
20,16		8		4
20,18		7		10
20,19		8		1
;

end;
