set Nodes := 1 2 3 4 5 6 7 8 9 10 11 12 13 14 15 16 17 18 19 20 ;
set Arcs := (1, 2) (1, 3) (1, 5) (1, 6) (1, 7) (1, 8) (1, 9) (1, 12) (1, 14) (1, 16) (1, 17) (2, 1) (2, 4) (2, 5) (2, 7) (2, 8) (2, 9) (2, 12) (2, 13) (2, 14) (2, 19) (3, 1) (3, 4) (3, 5) (3, 6) (3, 7) (3, 8) (3, 11) (3, 13) (3, 16) (3, 18) (4, 1) (4, 2) (4, 8) (4, 9) (4, 11) (4, 12) (4, 14) (4, 16) (4, 17) (4, 19) (5, 2) (5, 3) (5, 4) (5, 8) (5, 12) (5, 13) (5, 14) (5, 15) (5, 16) (6, 2) (6, 4) (6, 7) (6, 9) (6, 12) (6, 13) (6, 16) (6, 20) (7, 2) (7, 5) (7, 6) (7, 9) (7, 10) (7, 11) (7, 16) (7, 18) (8, 3) (8, 5) (8, 6) (8, 7) (8, 9) (8, 10) (8, 12) (8, 14) (8, 15) (8, 16) (8, 17) (8, 19) (9, 2) (9, 3) (9, 4) (9, 5) (9, 6) (9, 10) (9, 11) (9, 14) (9, 15) (9, 17) (9, 18) (10, 1) (10, 5) (10, 6) (10, 7) (10, 8) (10, 15) (10, 19) (10, 20) (11, 2) (11, 3) (11, 4) (11, 8) (11, 9) (11, 10) (11, 14) (11, 20) (12, 2) (12, 4) (12, 8) (12, 9) (12, 10) (12, 14) (12, 16) (12, 18) (12, 20) (13, 4) (13, 6) (13, 9) (13, 10) (13, 11) (13, 14) (13, 16) (13, 17) (13, 20) (14, 2) (14, 3) (14, 4) (14, 6) (14, 8) (14, 9) (14, 13) (14, 17) (14, 19) (15, 1) (15, 2) (15, 4) (15, 6) (15, 8) (15, 10) (15, 11) (15, 12) (15, 13) (15, 16) (15, 20) (16, 4) (16, 5) (16, 6) (16, 8) (16, 11) (16, 12) (16, 14) (16, 17) (16, 18) (16, 19) (17, 2) (17, 5) (17, 7) (17, 8) (17, 15) (17, 19) (17, 20) (18, 3) (18, 4) (18, 10) (18, 12) (18, 13) (18, 14) (19, 1) (19, 3) (19, 5) (19, 6) (19, 8) (19, 9) (19, 11) (19, 12) (19, 13) (19, 16) (19, 17) (19, 20) (20, 1) (20, 2) (20, 5) (20, 6) (20, 7) (20, 8) (20, 11) (20, 12) (20, 14) (20, 15) (20, 16) (20, 18) ;


param b :=
1		6
2		15
3		8
4		1
5		3
6		3
7		5
8		8
9		4
10		13
11		0
12		0
13		0
14		0
15		0
16		0
17		0
18		0
19		0
20		-66
;

param:		u		c :=
1,2		7		40
1,3		6		24
1,5		5		49
1,6		7		30
1,7		5		7
1,8		6		59
1,9		8		35
1,12		7		55
1,14		7		15
1,16		6		70
1,17		5		24
2,1		5		4
2,4		6		55
2,5		6		48
2,7		6		0
2,8		5		6
2,9		5		5
2,12		5		37
2,13		8		21
2,14		5		69
2,19		6		55
3,1		7		14
3,4		5		69
3,5		8		1
3,6		7		16
3,7		5		65
3,8		6		53
3,11		8		65
3,13		5		53
3,16		6		62
3,18		8		32
4,1		8		9
4,2		5		16
4,8		6		32
4,9		6		10
4,11		8		19
4,12		5		12
4,14		8		21
4,16		5		13
4,17		6		30
4,19		7		62
5,2		7		59
5,3		6		43
5,4		5		27
5,8		7		32
5,12		7		51
5,13		6		49
5,14		6		5
5,15		6		53
5,16		8		20
6,2		7		12
6,4		6		60
6,7		8		51
6,9		5		59
6,12		5		68
6,13		5		54
6,16		7		49
6,20		5		34
7,2		8		11
7,5		6		14
7,6		5		16
7,9		6		40
7,10		6		63
7,11		8		61
7,16		5		70
7,18		8		49
8,3		5		65
8,5		5		67
8,6		6		69
8,7		5		52
8,9		8		4
8,10		5		43
8,12		7		55
8,14		8		43
8,15		8		13
8,16		8		32
8,17		8		59
8,19		7		52
9,2		7		26
9,3		7		69
9,4		7		60
9,5		7		13
9,6		7		33
9,10		8		48
9,11		5		36
9,14		7		65
9,15		5		2
9,17		5		42
9,18		7		52
10,1		6		3
10,5		5		57
10,6		7		58
10,7		7		35
10,8		8		47
10,15		5		26
10,19		6		69
10,20		6		8
11,2		8		55
11,3		8		66
11,4		7		58
11,8		7		26
11,9		6		60
11,10		5		6
11,14		5		23
11,20		7		2
12,2		6		64
12,4		7		12
12,8		7		28
12,9		6		31
12,10		8		39
12,14		8		53
12,16		6		29
12,18		8		59
12,20		8		9
13,4		8		58
13,6		8		10
13,9		7		53
13,10		8		44
13,11		8		3
13,14		5		3
13,16		7		58
13,17		7		3
13,20		8		68
14,2		8		52
14,3		7		1
14,4		5		25
14,6		5		22
14,8		7		27
14,9		6		40
14,13		6		13
14,17		6		56
14,19		6		2
15,1		8		54
15,2		8		55
15,4		7		38
15,6		6		47
15,8		7		31
15,10		5		3
15,11		6		45
15,12		6		34
15,13		5		61
15,16		8		35
15,20		5		69
16,4		8		64
16,5		8		38
16,6		8		50
16,8		6		51
16,11		7		60
16,12		7		1
16,14		7		68
16,17		8		21
16,18		5		63
16,19		7		5
17,2		8		22
17,5		7		7
17,7		7		3
17,8		5		15
17,15		6		13
17,19		8		50
17,20		8		6
18,3		8		64
18,4		7		38
18,10		8		14
18,12		6		38
18,13		7		21
18,14		7		29
19,1		8		27
19,3		8		31
19,5		5		70
19,6		6		6
19,8		5		40
19,9		5		27
19,11		8		0
19,12		7		38
19,13		6		69
19,16		6		63
19,17		7		26
19,20		7		2
20,1		6		54
20,2		8		20
20,5		8		34
20,6		8		21
20,7		6		0
20,8		7		56
20,11		8		33
20,12		5		31
20,14		7		10
20,15		6		48
20,16		7		51
20,18		6		50
;

end;
