set Nodes := 1 2 3 4 5 6 7 8 9 10 11 12 13 14 15 16 17 18 19 20 ;
set Arcs := (1, 2) (1, 3) (1, 5) (1, 6) (1, 7) (1, 8) (1, 9) (1, 13) (1, 14) (1, 18) (1, 19) (2, 1) (2, 3) (2, 4) (2, 5) (2, 6) (2, 7) (2, 8) (2, 9) (2, 10) (2, 14) (2, 16) (2, 18) (3, 1) (3, 2) (3, 5) (3, 7) (3, 9) (3, 10) (3, 12) (3, 14) (3, 17) (3, 19) (4, 2) (4, 9) (4, 13) (4, 14) (4, 15) (4, 16) (4, 17) (4, 19) (5, 1) (5, 2) (5, 3) (5, 6) (5, 7) (5, 8) (5, 9) (5, 10) (5, 12) (5, 19) (6, 2) (6, 7) (6, 8) (6, 10) (6, 13) (6, 17) (6, 18) (7, 1) (7, 2) (7, 4) (7, 6) (7, 8) (7, 10) (7, 13) (7, 15) (7, 16) (7, 17) (7, 19) (8, 4) (8, 7) (8, 9) (8, 11) (8, 12) (8, 16) (8, 17) (8, 19) (8, 20) (9, 1) (9, 2) (9, 3) (9, 4) (9, 5) (9, 6) (9, 7) (9, 10) (9, 13) (9, 15) (9, 17) (9, 18) (10, 4) (10, 6) (10, 11) (10, 13) (10, 15) (10, 16) (10, 18) (11, 1) (11, 2) (11, 6) (11, 8) (11, 10) (11, 14) (11, 15) (11, 16) (11, 17) (12, 1) (12, 2) (12, 5) (12, 8) (12, 14) (12, 19) (13, 4) (13, 6) (13, 7) (13, 10) (13, 12) (13, 15) (13, 17) (13, 20) (14, 1) (14, 3) (14, 4) (14, 6) (14, 7) (14, 8) (14, 9) (14, 12) (14, 17) (14, 20) (15, 1) (15, 2) (15, 6) (15, 9) (15, 11) (15, 16) (15, 18) (15, 20) (16, 3) (16, 5) (16, 6) (16, 8) (16, 9) (16, 10) (16, 11) (16, 13) (16, 14) (16, 15) (16, 20) (17, 4) (17, 6) (17, 7) (17, 9) (17, 10) (17, 12) (17, 13) (17, 19) (18, 1) (18, 4) (18, 5) (18, 6) (18, 10) (18, 13) (18, 15) (18, 16) (18, 17) (18, 20) (19, 3) (19, 4) (19, 5) (19, 7) (19, 8) (19, 12) (19, 13) (19, 15) (19, 18) (20, 1) (20, 2) (20, 3) (20, 4) (20, 5) (20, 6) (20, 7) (20, 8) (20, 11) (20, 12) (20, 13) (20, 14) (20, 16) (20, 18) ;


param b :=
1		9
2		5
3		14
4		3
5		11
6		12
7		12
8		6
9		5
10		5
11		0
12		0
13		0
14		0
15		0
16		0
17		0
18		0
19		0
20		-82
;

param:		u		c :=
1,2		7		44
1,3		8		3
1,5		6		4
1,6		5		1
1,7		7		24
1,8		8		0
1,9		5		38
1,13		8		1
1,14		5		45
1,18		7		49
1,19		6		35
2,1		7		22
2,3		8		7
2,4		7		47
2,5		6		37
2,6		6		23
2,7		7		1
2,8		5		25
2,9		7		18
2,10		5		18
2,14		5		6
2,16		8		33
2,18		8		35
3,1		8		38
3,2		8		0
3,5		6		31
3,7		7		50
3,9		8		19
3,10		6		23
3,12		7		33
3,14		7		42
3,17		6		1
3,19		8		49
4,2		8		0
4,9		7		31
4,13		8		14
4,14		5		17
4,15		5		15
4,16		8		24
4,17		5		44
4,19		6		44
5,1		5		1
5,2		7		17
5,3		7		29
5,6		5		35
5,7		8		31
5,8		8		1
5,9		5		3
5,10		7		18
5,12		7		39
5,19		8		3
6,2		8		9
6,7		5		22
6,8		5		11
6,10		7		42
6,13		6		14
6,17		5		5
6,18		5		32
7,1		5		49
7,2		7		13
7,4		8		22
7,6		6		32
7,8		5		13
7,10		8		43
7,13		6		31
7,15		8		24
7,16		5		22
7,17		7		7
7,19		5		3
8,4		8		49
8,7		8		14
8,9		6		40
8,11		6		17
8,12		5		44
8,16		7		48
8,17		8		15
8,19		8		28
8,20		7		0
9,1		5		12
9,2		5		17
9,3		6		35
9,4		8		4
9,5		6		36
9,6		6		27
9,7		5		19
9,10		7		23
9,13		6		5
9,15		7		40
9,17		5		21
9,18		7		35
10,4		6		13
10,6		7		22
10,11		7		42
10,13		8		46
10,15		6		23
10,16		6		50
10,18		8		29
11,1		6		11
11,2		8		45
11,6		5		42
11,8		6		35
11,10		6		24
11,14		6		35
11,15		5		6
11,16		7		19
11,17		7		16
12,1		7		26
12,2		8		46
12,5		6		34
12,8		7		34
12,14		8		31
12,19		7		6
13,4		8		27
13,6		8		27
13,7		5		7
13,10		6		50
13,12		6		5
13,15		6		21
13,17		6		26
13,20		7		8
14,1		8		12
14,3		5		13
14,4		8		33
14,6		7		28
14,7		8		3
14,8		7		47
14,9		6		4
14,12		6		50
14,17		6		34
14,20		7		43
15,1		7		36
15,2		6		31
15,6		6		49
15,9		6		7
15,11		8		46
15,16		5		15
15,18		8		14
15,20		6		44
16,3		6		9
16,5		5		32
16,6		7		23
16,8		6		43
16,9		7		28
16,10		6		10
16,11		5		0
16,13		8		45
16,14		6		8
16,15		6		30
16,20		6		44
17,4		7		1
17,6		7		23
17,7		5		29
17,9		6		35
17,10		7		47
17,12		5		33
17,13		6		24
17,19		8		9
18,1		6		18
18,4		5		22
18,5		5		49
18,6		5		40
18,10		6		5
18,13		8		25
18,15		5		50
18,16		6		45
18,17		5		17
18,20		8		12
19,3		8		2
19,4		7		48
19,5		8		48
19,7		5		6
19,8		8		34
19,12		7		44
19,13		5		32
19,15		7		2
19,18		7		13
20,1		5		37
20,2		6		47
20,3		6		47
20,4		7		5
20,5		8		23
20,6		7		8
20,7		5		31
20,8		5		22
20,11		7		45
20,12		8		9
20,13		7		23
20,14		8		21
20,16		5		35
20,18		7		36
;

end;
