set Nodes := 1 2 3 4 5 6 7 8 9 10 11 12 13 14 15 16 17 18 19 20 ;
set Arcs := (1, 3) (1, 4) (1, 6) (1, 8) (1, 10) (1, 14) (1, 18) (1, 20) (2, 8) (2, 17) (2, 4) (2, 6) (2, 7) (3, 1) (3, 2) (3, 4) (3, 5) (3, 7) (3, 10) (3, 13) (3, 14) (3, 16) (3, 17) (4, 1) (4, 6) (4, 7) (4, 9) (4, 12) (4, 13) (4, 15) (4, 18) (4, 19) (4, 20) (5, 1) (5, 3) (5, 4) (5, 6) (5, 7) (5, 8) (5, 9) (5, 13) (5, 14) (5, 15) (5, 16) (5, 17) (5, 18) (5, 19) (5, 20) (6, 1) (6, 2) (6, 4) (6, 7) (6, 9) (6, 16) (7, 2) (7, 3) (7, 4) (7, 9) (7, 11) (7, 13) (7, 14) (7, 16) (7, 17) (7, 18) (7, 19) (8, 5) (8, 9) (8, 12) (8, 13) (8, 14) (8, 18) (8, 20) (9, 1) (9, 4) (9, 7) (9, 8) (9, 11) (9, 13) (9, 19) (10, 1) (10, 2) (10, 5) (10, 6) (10, 9) (10, 16) (10, 19) (10, 20) (11, 1) (11, 3) (11, 4) (11, 8) (11, 9) (11, 10) (11, 12) (11, 13) (11, 15) (11, 20) (12, 1) (12, 2) (12, 3) (12, 4) (12, 5) (12, 9) (12, 10) (12, 13) (12, 14) (12, 16) (12, 17) (12, 18) (12, 19) (12, 20) (13, 3) (13, 5) (13, 7) (13, 10) (13, 11) (13, 14) (13, 16) (13, 18) (13, 19) (13, 20) (14, 5) (14, 6) (14, 8) (14, 9) (14, 11) (14, 12) (14, 13) (14, 15) (14, 17) (14, 18) (14, 19) (14, 20) (15, 3) (15, 4) (15, 8) (15, 10) (15, 13) (15, 18) (16, 1) (16, 2) (16, 4) (16, 5) (16, 6) (16, 13) (16, 15) (16, 20) (17, 2) (17, 3) (17, 4) (17, 7) (17, 12) (17, 13) (17, 15) (17, 18) (17, 19) (17, 20) (18, 1) (18, 2) (18, 3) (18, 5) (18, 7) (18, 8) (18, 10) (18, 12) (18, 14) (18, 19) (18, 20) (19, 1) (19, 2) (19, 3) (19, 4) (19, 5) (19, 8) (19, 11) (19, 12) (19, 13) (19, 18) (20, 2) (20, 3) (20, 4) (20, 5) (20, 6) (20, 9) (20, 10) (20, 11) (20, 12) (20, 15) (20, 18) (20, 19) ;


param b :=
1		15
2		7
3		2
4		12
5		12
6		11
7		1
8		2
9		8
10		1
11		0
12		0
13		0
14		0
15		0
16		0
17		0
18		0
19		0
20		-71
;

param:		u		c :=
1,3		8		3
1,4		5		35
1,6		5		32
1,8		6		28
1,10		8		10
1,14		5		35
1,18		7		29
1,20		7		1
2,8		8		19
2,17		8		17
2,4		6		22
2,6		5		3
2,7		5		16
3,1		7		7
3,2		7		6
3,4		7		12
3,5		5		27
3,7		8		39
3,10		5		37
3,13		7		31
3,14		8		1
3,16		7		9
3,17		5		15
4,1		8		8
4,6		7		6
4,7		7		22
4,9		5		38
4,12		5		22
4,13		8		6
4,15		5		18
4,18		7		31
4,19		7		33
4,20		6		5
5,1		5		40
5,3		5		14
5,4		6		16
5,6		5		14
5,7		6		34
5,8		6		36
5,9		8		15
5,13		5		3
5,14		6		14
5,15		6		8
5,16		8		22
5,17		7		19
5,18		7		2
5,19		7		38
5,20		5		14
6,1		7		40
6,2		5		22
6,4		7		6
6,7		8		10
6,9		6		38
6,16		7		25
7,2		5		27
7,3		5		18
7,4		8		4
7,9		7		27
7,11		7		33
7,13		6		19
7,14		5		8
7,16		7		29
7,17		5		30
7,18		6		5
7,19		5		38
8,5		8		29
8,9		8		7
8,12		6		3
8,13		7		8
8,14		5		30
8,18		7		30
8,20		8		36
9,1		8		25
9,4		7		33
9,7		8		4
9,8		6		17
9,11		7		11
9,13		5		5
9,19		5		5
10,1		6		38
10,2		8		24
10,5		8		3
10,6		6		20
10,9		6		23
10,16		7		6
10,19		5		35
10,20		7		33
11,1		7		32
11,3		8		29
11,4		7		1
11,8		5		22
11,9		7		27
11,10		7		5
11,12		5		4
11,13		8		17
11,15		7		39
11,20		5		36
12,1		5		31
12,2		8		1
12,3		6		36
12,4		8		36
12,5		7		1
12,9		6		25
12,10		8		13
12,13		8		4
12,14		8		9
12,16		5		28
12,17		5		5
12,18		7		27
12,19		5		15
12,20		8		10
13,3		5		5
13,5		8		2
13,7		6		8
13,10		8		6
13,11		8		13
13,14		6		40
13,16		8		24
13,18		8		13
13,19		5		30
13,20		6		25
14,5		6		12
14,6		5		7
14,8		5		6
14,9		5		27
14,11		6		20
14,12		6		4
14,13		5		30
14,15		5		12
14,17		5		24
14,18		5		6
14,19		7		3
14,20		7		4
15,3		7		12
15,4		5		28
15,8		8		18
15,10		6		3
15,13		8		22
15,18		6		26
16,1		8		0
16,2		8		13
16,4		8		36
16,5		6		18
16,6		6		23
16,13		6		6
16,15		5		25
16,20		8		15
17,2		7		38
17,3		5		26
17,4		7		16
17,7		5		33
17,12		7		8
17,13		6		12
17,15		7		12
17,18		7		28
17,19		6		24
17,20		5		11
18,1		5		6
18,2		8		15
18,3		8		39
18,5		7		0
18,7		8		4
18,8		8		4
18,10		8		17
18,12		7		37
18,14		7		8
18,19		6		16
18,20		5		4
19,1		6		39
19,2		8		10
19,3		7		38
19,4		6		31
19,5		5		36
19,8		8		33
19,11		8		26
19,12		8		27
19,13		6		23
19,18		5		16
20,2		7		14
20,3		6		10
20,4		8		15
20,5		5		13
20,6		6		36
20,9		6		6
20,10		5		17
20,11		8		11
20,12		6		6
20,15		5		28
20,18		7		31
20,19		8		1
;

end;
