set Nodes := 1 2 3 4 5 6 7 8 9 10 11 12 13 14 15 16 17 18 19 20 ;
set Arcs := (1, 2) (1, 3) (1, 5) (1, 7) (1, 8) (1, 10) (1, 11) (1, 12) (1, 13) (1, 14) (1, 15) (2, 6) (2, 8) (2, 9) (2, 10) (2, 11) (2, 12) (2, 18) (2, 20) (3, 2) (3, 4) (3, 5) (3, 6) (3, 7) (3, 8) (3, 10) (3, 13) (3, 16) (3, 18) (4, 6) (4, 8) (4, 10) (4, 11) (4, 12) (4, 16) (4, 19) (4, 20) (5, 1) (5, 2) (5, 4) (5, 7) (5, 8) (5, 9) (5, 10) (5, 11) (5, 14) (5, 19) (6, 1) (6, 2) (6, 3) (6, 10) (6, 11) (6, 16) (6, 17) (6, 18) (6, 19) (6, 20) (7, 1) (7, 3) (7, 12) (7, 14) (7, 15) (8, 1) (8, 2) (8, 5) (8, 9) (8, 11) (8, 12) (8, 20) (9, 1) (9, 5) (9, 7) (9, 10) (9, 11) (9, 13) (9, 15) (9, 17) (9, 19) (10, 3) (10, 4) (10, 8) (10, 9) (10, 11) (10, 12) (10, 14) (10, 15) (10, 16) (10, 19) (11, 5) (11, 6) (11, 7) (11, 8) (11, 10) (11, 14) (11, 17) (11, 18) (11, 20) (12, 5) (12, 11) (12, 13) (12, 14) (12, 16) (12, 17) (12, 19) (13, 1) (13, 3) (13, 5) (13, 7) (13, 10) (13, 12) (13, 14) (13, 17) (13, 18) (13, 19) (13, 20) (14, 1) (14, 3) (14, 5) (14, 8) (14, 10) (14, 11) (14, 16) (14, 17) (14, 18) (14, 20) (15, 1) (15, 2) (15, 6) (15, 8) (15, 9) (15, 10) (15, 11) (15, 12) (15, 13) (15, 14) (15, 17) (15, 18) (15, 19) (16, 3) (16, 4) (16, 6) (16, 7) (16, 9) (16, 13) (16, 14) (16, 19) (17, 1) (17, 3) (17, 8) (17, 9) (17, 12) (17, 14) (17, 15) (17, 16) (17, 18) (17, 19) (17, 20) (18, 2) (18, 3) (18, 5) (18, 6) (18, 7) (18, 8) (18, 10) (18, 12) (18, 13) (18, 14) (18, 16) (18, 17) (18, 19) (19, 1) (19, 2) (19, 3) (19, 5) (19, 7) (19, 9) (19, 10) (19, 12) (19, 18) (20, 1) (20, 3) (20, 7) (20, 8) (20, 9) (20, 11) (20, 12) (20, 13) (20, 14) (20, 16) (20, 17) ;


param b :=
1		15
2		6
3		1
4		10
5		4
6		8
7		8
8		2
9		9
10		2
11		0
12		0
13		0
14		0
15		0
16		0
17		0
18		0
19		0
20		-65
;

param:		u		c :=
1,2		5		5
1,3		6		1
1,5		5		21
1,7		8		9
1,8		7		8
1,10		5		23
1,11		8		14
1,12		8		2
1,13		8		16
1,14		6		0
1,15		6		12
2,6		6		15
2,8		6		30
2,9		8		25
2,10		5		0
2,11		7		6
2,12		6		15
2,18		7		15
2,20		8		27
3,2		8		24
3,4		7		15
3,5		8		9
3,6		6		6
3,7		8		25
3,8		8		27
3,10		8		25
3,13		8		4
3,16		6		3
3,18		5		2
4,6		5		21
4,8		5		7
4,10		8		26
4,11		7		20
4,12		8		28
4,16		6		11
4,19		7		10
4,20		7		4
5,1		7		18
5,2		8		10
5,4		7		20
5,7		8		10
5,8		5		6
5,9		8		12
5,10		7		7
5,11		8		9
5,14		8		29
5,19		7		1
6,1		7		16
6,2		5		11
6,3		5		14
6,10		5		6
6,11		8		3
6,16		6		16
6,17		7		9
6,18		7		7
6,19		5		8
6,20		8		20
7,1		8		7
7,3		7		21
7,12		6		22
7,14		8		21
7,15		7		26
8,1		5		3
8,2		5		29
8,5		6		0
8,9		8		28
8,11		8		22
8,12		6		8
8,20		7		20
9,1		6		15
9,5		7		11
9,7		7		29
9,10		7		17
9,11		8		0
9,13		6		21
9,15		6		5
9,17		6		10
9,19		7		10
10,3		7		20
10,4		8		24
10,8		6		9
10,9		8		27
10,11		6		29
10,12		7		26
10,14		6		16
10,15		8		14
10,16		7		11
10,19		5		18
11,5		7		23
11,6		6		13
11,7		6		6
11,8		7		28
11,10		8		22
11,14		8		7
11,17		7		11
11,18		6		30
11,20		8		30
12,5		6		3
12,11		5		0
12,13		8		25
12,14		6		20
12,16		8		10
12,17		6		13
12,19		6		1
13,1		8		26
13,3		7		19
13,5		7		12
13,7		7		29
13,10		5		21
13,12		8		10
13,14		5		21
13,17		8		7
13,18		8		22
13,19		5		3
13,20		6		25
14,1		6		4
14,3		7		19
14,5		6		13
14,8		7		10
14,10		5		30
14,11		6		29
14,16		6		0
14,17		5		23
14,18		5		22
14,20		6		3
15,1		5		2
15,2		7		23
15,6		8		10
15,8		5		7
15,9		8		15
15,10		5		16
15,11		5		30
15,12		5		28
15,13		6		9
15,14		7		3
15,17		6		28
15,18		7		6
15,19		5		4
16,3		8		28
16,4		7		29
16,6		5		23
16,7		8		9
16,9		8		24
16,13		5		1
16,14		8		27
16,19		7		8
17,1		5		24
17,3		7		15
17,8		8		8
17,9		7		25
17,12		7		30
17,14		6		16
17,15		8		14
17,16		7		30
17,18		6		21
17,19		6		11
17,20		8		30
18,2		7		24
18,3		7		29
18,5		5		13
18,6		6		11
18,7		8		2
18,8		6		23
18,10		6		15
18,12		7		16
18,13		6		7
18,14		8		26
18,16		5		20
18,17		6		4
18,19		5		28
19,1		5		6
19,2		7		4
19,3		7		23
19,5		6		3
19,7		8		20
19,9		7		21
19,10		6		8
19,12		5		28
19,18		7		21
20,1		7		8
20,3		8		22
20,7		8		10
20,8		7		25
20,9		5		0
20,11		6		1
20,12		7		4
20,13		7		27
20,14		6		20
20,16		8		14
20,17		5		13
;

end;
