set Nodes := 1 2 3 4 5 6 7 8 9 10 11 12 13 14 15 16 17 18 19 20 ;
set Arcs := (1, 2) (1, 4) (1, 8) (1, 11) (1, 12) (1, 13) (1, 15) (1, 16) (1, 17) (1, 19) (1, 20) (2, 3) (2, 8) (2, 9) (2, 12) (2, 13) (2, 15) (2, 18) (2, 19) (2, 20) (3, 4) (3, 7) (3, 8) (3, 9) (3, 10) (3, 11) (3, 12) (3, 14) (3, 15) (3, 16) (3, 18) (4, 1) (4, 5) (4, 6) (4, 7) (4, 8) (4, 9) (4, 10) (4, 11) (4, 15) (4, 19) (4, 20) (5, 3) (5, 4) (5, 6) (5, 7) (5, 9) (5, 10) (5, 17) (5, 19) (6, 2) (6, 5) (6, 7) (6, 8) (6, 10) (6, 11) (6, 12) (6, 16) (6, 17) (7, 5) (7, 6) (7, 10) (7, 12) (7, 13) (7, 14) (7, 16) (7, 17) (7, 18) (8, 1) (8, 2) (8, 4) (8, 9) (8, 10) (8, 14) (8, 17) (8, 18) (9, 1) (9, 3) (9, 4) (9, 7) (9, 12) (9, 13) (9, 14) (9, 16) (9, 17) (9, 19) (9, 20) (10, 3) (10, 6) (10, 9) (10, 13) (10, 16) (10, 17) (10, 19) (11, 3) (11, 4) (11, 7) (11, 10) (11, 13) (11, 14) (11, 15) (11, 16) (11, 18) (11, 19) (12, 1) (12, 3) (12, 5) (12, 7) (12, 8) (12, 10) (12, 11) (12, 15) (12, 17) (12, 19) (12, 20) (13, 4) (13, 7) (13, 8) (13, 9) (13, 11) (13, 15) (13, 16) (13, 17) (13, 20) (14, 1) (14, 3) (14, 4) (14, 6) (14, 7) (14, 8) (14, 10) (14, 11) (14, 13) (14, 16) (14, 17) (14, 18) (15, 4) (15, 10) (15, 11) (15, 12) (15, 13) (15, 14) (15, 16) (15, 17) (15, 18) (15, 20) (16, 1) (16, 2) (16, 7) (16, 8) (16, 9) (16, 12) (16, 14) (16, 15) (16, 19) (17, 1) (17, 2) (17, 4) (17, 5) (17, 8) (17, 9) (17, 12) (17, 13) (17, 16) (17, 18) (17, 19) (17, 20) (18, 2) (18, 10) (18, 12) (18, 13) (18, 16) (18, 19) (18, 20) (19, 1) (19, 2) (19, 3) (19, 4) (19, 6) (19, 7) (19, 15) (19, 18) (19, 20) (20, 7) (20, 8) (20, 10) (20, 12) (20, 14) (20, 17) (20, 19) ;


param b :=
1		4
2		2
3		6
4		5
5		8
6		4
7		1
8		5
9		2
10		1
11		0
12		0
13		0
14		0
15		0
16		0
17		0
18		0
19		0
20		-38
;

param:		u		c :=
1,2		7		12
1,4		6		9
1,8		6		9
1,11		6		11
1,12		5		14
1,13		8		18
1,15		8		7
1,16		8		6
1,17		5		0
1,19		5		15
1,20		5		7
2,3		6		9
2,8		5		7
2,9		6		16
2,12		5		14
2,13		8		9
2,15		8		11
2,18		6		4
2,19		6		3
2,20		5		17
3,4		6		1
3,7		6		2
3,8		5		19
3,9		5		16
3,10		7		13
3,11		5		11
3,12		6		14
3,14		7		0
3,15		7		9
3,16		8		16
3,18		8		19
4,1		8		3
4,5		7		18
4,6		6		7
4,7		7		4
4,8		6		5
4,9		7		1
4,10		7		14
4,11		5		11
4,15		8		0
4,19		6		10
4,20		8		18
5,3		8		11
5,4		7		17
5,6		7		16
5,7		6		8
5,9		5		13
5,10		8		9
5,17		5		10
5,19		5		1
6,2		6		1
6,5		6		18
6,7		6		1
6,8		5		14
6,10		6		13
6,11		8		12
6,12		5		18
6,16		6		17
6,17		8		19
7,5		7		17
7,6		5		4
7,10		8		0
7,12		7		16
7,13		8		8
7,14		5		4
7,16		5		14
7,17		6		15
7,18		8		12
8,1		5		13
8,2		6		14
8,4		8		17
8,9		6		17
8,10		8		6
8,14		5		4
8,17		5		1
8,18		7		19
9,1		5		2
9,3		5		1
9,4		6		0
9,7		7		12
9,12		8		20
9,13		5		15
9,14		7		8
9,16		6		8
9,17		7		2
9,19		8		3
9,20		8		15
10,3		5		9
10,6		6		10
10,9		5		13
10,13		8		14
10,16		7		5
10,17		8		20
10,19		8		13
11,3		8		1
11,4		7		8
11,7		6		17
11,10		5		15
11,13		6		15
11,14		8		18
11,15		8		16
11,16		6		3
11,18		8		2
11,19		5		2
12,1		8		18
12,3		5		8
12,5		5		12
12,7		8		0
12,8		7		5
12,10		6		19
12,11		8		15
12,15		7		10
12,17		5		0
12,19		6		15
12,20		6		18
13,4		6		13
13,7		6		18
13,8		7		14
13,9		5		19
13,11		6		4
13,15		6		3
13,16		7		11
13,17		5		17
13,20		5		17
14,1		8		8
14,3		6		15
14,4		8		12
14,6		6		14
14,7		5		11
14,8		8		7
14,10		6		9
14,11		8		14
14,13		8		0
14,16		8		17
14,17		8		11
14,18		7		3
15,4		6		16
15,10		8		12
15,11		5		1
15,12		5		9
15,13		5		2
15,14		6		19
15,16		8		5
15,17		7		10
15,18		6		7
15,20		6		0
16,1		8		20
16,2		6		18
16,7		8		9
16,8		5		17
16,9		6		17
16,12		8		0
16,14		6		14
16,15		8		4
16,19		7		12
17,1		6		7
17,2		5		20
17,4		6		10
17,5		5		0
17,8		7		17
17,9		8		12
17,12		5		17
17,13		6		11
17,16		5		16
17,18		7		8
17,19		5		6
17,20		7		16
18,2		5		19
18,10		8		18
18,12		7		13
18,13		6		6
18,16		8		17
18,19		8		1
18,20		7		5
19,1		5		0
19,2		7		16
19,3		5		4
19,4		7		9
19,6		8		6
19,7		8		18
19,15		5		7
19,18		6		6
19,20		8		7
20,7		6		20
20,8		6		19
20,10		7		1
20,12		7		6
20,14		5		1
20,17		7		4
20,19		5		7
;

end;
