set Nodes := 1 2 3 4 5 6 7 8 9 10 11 12 13 14 15 ;
set Arcs := (1, 3) (1, 8) (1, 9) (1, 11) (1, 13) (1, 15) (2, 1) (2, 3) (2, 4) (2, 6) (2, 7) (2, 11) (2, 12) (2, 13) (2, 15) (3, 2) (3, 4) (3, 8) (3, 9) (3, 12) (3, 13) (4, 1) (4, 5) (4, 6) (4, 9) (4, 10) (4, 11) (4, 13) (4, 14) (4, 15) (5, 10) (5, 4) (5, 13) (5, 14) (5, 7) (6, 1) (6, 2) (6, 3) (6, 4) (6, 5) (6, 8) (6, 13) (6, 15) (7, 2) (7, 3) (7, 4) (7, 5) (7, 6) (7, 10) (7, 15) (8, 10) (8, 4) (8, 13) (8, 6) (8, 15) (9, 1) (9, 4) (9, 5) (9, 8) (9, 11) (9, 12) (9, 14) (9, 15) (10, 1) (10, 9) (10, 4) (10, 6) (10, 15) (11, 1) (11, 4) (11, 5) (11, 7) (11, 8) (11, 10) (11, 13) (11, 14) (12, 2) (12, 4) (12, 5) (12, 6) (12, 7) (12, 11) (12, 13) (12, 14) (12, 15) (13, 5) (13, 6) (13, 9) (13, 10) (13, 12) (13, 15) (14, 3) (14, 4) (14, 5) (14, 6) (14, 8) (14, 13) (15, 1) (15, 4) (15, 5) (15, 6) (15, 8) (15, 9) (15, 12) (15, 13) ;


param b :=
1		2
2		11
3		9
4		5
5		7
6		2
7		17
8		0
9		0
10		0
11		0
12		0
13		0
14		0
15		-53
;

param:		u		c :=
1,3		7		1
1,8		8		4
1,9		8		9
1,11		7		7
1,13		8		7
1,15		7		7
2,1		6		4
2,3		8		8
2,4		5		4
2,6		6		4
2,7		7		8
2,11		8		9
2,12		6		1
2,13		5		5
2,15		7		1
3,2		5		5
3,4		5		6
3,8		8		1
3,9		8		4
3,12		6		2
3,13		7		5
4,1		7		4
4,5		8		2
4,6		6		2
4,9		8		7
4,10		5		5
4,11		6		1
4,13		8		10
4,14		5		1
4,15		5		5
5,10		7		8
5,4		7		7
5,13		5		10
5,14		8		10
5,7		7		9
6,1		7		4
6,2		6		3
6,3		5		10
6,4		5		6
6,5		7		8
6,8		5		6
6,13		7		10
6,15		8		6
7,2		6		1
7,3		6		3
7,4		5		0
7,5		7		5
7,6		6		3
7,10		8		7
7,15		8		4
8,10		6		5
8,4		8		2
8,13		6		9
8,6		6		5
8,15		5		1
9,1		5		5
9,4		7		7
9,5		6		2
9,8		6		4
9,11		6		0
9,12		5		4
9,14		5		6
9,15		6		8
10,1		5		5
10,9		7		8
10,4		6		3
10,6		8		1
10,15		5		6
11,1		7		1
11,4		7		9
11,5		5		8
11,7		8		10
11,8		7		5
11,10		8		1
11,13		5		4
11,14		7		4
12,2		6		9
12,4		6		0
12,5		8		7
12,6		8		4
12,7		8		1
12,11		7		10
12,13		5		9
12,14		7		2
12,15		7		7
13,5		7		0
13,6		5		8
13,9		7		1
13,10		6		3
13,12		8		6
13,15		8		4
14,3		8		7
14,4		5		2
14,5		5		6
14,6		7		4
14,8		6		5
14,13		7		2
15,1		7		0
15,4		6		8
15,5		7		1
15,6		8		10
15,8		6		6
15,9		5		7
15,12		8		10
15,13		7		10
;

end;
