set Nodes := 1 2 3 4 5 6 7 8 9 10 11 12 13 14 15 ;
set Arcs := (1, 2) (1, 3) (1, 4) (1, 5) (1, 8) (1, 13) (1, 14) (2, 5) (2, 6) (2, 7) (2, 8) (2, 9) (2, 10) (2, 12) (3, 1) (3, 4) (3, 8) (3, 9) (3, 10) (3, 13) (3, 14) (3, 15) (4, 2) (4, 3) (4, 5) (4, 7) (4, 8) (4, 9) (4, 10) (4, 12) (4, 13) (4, 14) (5, 9) (5, 10) (5, 2) (5, 14) (5, 7) (6, 2) (6, 4) (6, 5) (6, 8) (6, 14) (6, 15) (7, 1) (7, 3) (7, 4) (7, 5) (7, 6) (7, 11) (7, 14) (7, 15) (8, 11) (8, 10) (8, 7) (8, 15) (9, 2) (9, 3) (9, 4) (9, 5) (9, 6) (9, 7) (9, 8) (9, 10) (9, 14) (9, 15) (10, 1) (10, 6) (10, 12) (10, 13) (10, 14) (11, 4) (11, 9) (11, 12) (11, 5) (11, 15) (12, 1) (12, 2) (12, 5) (12, 6) (12, 9) (12, 11) (12, 13) (12, 15) (13, 1) (13, 2) (13, 5) (13, 6) (13, 7) (13, 9) (13, 15) (14, 1) (14, 4) (14, 5) (14, 7) (14, 8) (14, 10) (14, 15) (15, 1) (15, 2) (15, 3) (15, 5) (15, 6) (15, 10) (15, 13) (15, 14) ;


param b :=
1		12
2		1
3		16
4		6
5		4
6		6
7		1
8		0
9		0
10		0
11		0
12		0
13		0
14		0
15		-46
;

param:		u		c :=
1,2		6		6
1,3		8		7
1,4		8		9
1,5		5		9
1,8		5		2
1,13		7		10
1,14		8		5
2,5		8		4
2,6		7		7
2,7		8		10
2,8		7		7
2,9		6		2
2,10		6		1
2,12		8		7
3,1		8		6
3,4		7		3
3,8		5		3
3,9		6		1
3,10		8		6
3,13		6		5
3,14		8		3
3,15		6		2
4,2		7		6
4,3		6		5
4,5		7		9
4,7		5		5
4,8		6		5
4,9		8		5
4,10		8		7
4,12		6		6
4,13		8		7
4,14		5		6
5,9		5		4
5,10		6		8
5,2		6		6
5,14		7		1
5,7		6		7
6,2		7		2
6,4		6		6
6,5		7		9
6,8		5		4
6,14		8		2
6,15		5		0
7,1		8		6
7,3		7		5
7,4		6		3
7,5		7		2
7,6		5		6
7,11		5		5
7,14		7		4
7,15		7		0
8,11		8		2
8,10		6		4
8,7		8		5
8,15		8		2
9,2		6		9
9,3		8		0
9,4		8		5
9,5		7		6
9,6		7		8
9,7		6		1
9,8		7		1
9,10		8		9
9,14		7		7
9,15		8		8
10,1		5		8
10,6		8		0
10,12		6		0
10,13		7		2
10,14		5		0
11,4		8		6
11,9		7		5
11,12		7		5
11,5		6		6
11,15		6		2
12,1		5		2
12,2		5		7
12,5		5		0
12,6		5		5
12,9		7		1
12,11		7		4
12,13		7		6
12,15		6		2
13,1		5		5
13,2		6		3
13,5		7		5
13,6		8		10
13,7		8		7
13,9		7		3
13,15		6		2
14,1		5		1
14,4		5		4
14,5		6		5
14,7		5		7
14,8		7		6
14,10		6		10
14,15		6		2
15,1		6		9
15,2		5		3
15,3		8		10
15,5		8		1
15,6		7		6
15,10		5		4
15,13		6		7
15,14		7		5
;

end;
