set Nodes := 1 2 3 4 5 6 7 8 9 10 11 12 13 14 15 ;
set Arcs := (1, 3) (1, 4) (1, 6) (1, 15) (2, 8) (2, 10) (2, 4) (2, 13) (2, 15) (3, 5) (3, 6) (3, 7) (3, 9) (3, 10) (3, 11) (3, 12) (4, 8) (4, 9) (4, 3) (4, 6) (4, 7) (5, 1) (5, 3) (5, 4) (5, 7) (5, 8) (5, 9) (5, 11) (5, 13) (6, 2) (6, 3) (6, 7) (6, 8) (6, 9) (6, 10) (6, 11) (6, 13) (6, 14) (7, 2) (7, 4) (7, 5) (7, 6) (7, 8) (7, 9) (7, 10) (7, 11) (7, 15) (8, 1) (8, 3) (8, 4) (8, 9) (8, 10) (8, 11) (8, 12) (8, 14) (9, 1) (9, 3) (9, 4) (9, 5) (9, 7) (9, 12) (9, 14) (10, 3) (10, 4) (10, 6) (10, 7) (10, 9) (10, 11) (10, 14) (10, 15) (11, 8) (11, 9) (11, 13) (11, 6) (11, 7) (12, 1) (12, 2) (12, 3) (12, 5) (12, 6) (12, 9) (12, 10) (13, 1) (13, 3) (13, 6) (13, 8) (13, 9) (13, 10) (13, 11) (14, 1) (14, 2) (14, 3) (14, 5) (14, 6) (14, 9) (14, 13) (14, 15) (15, 1) (15, 2) (15, 4) (15, 6) (15, 7) (15, 12) (15, 13) (15, 14) ;


param b :=
1		4
2		16
3		11
4		1
5		2
6		15
7		4
8		0
9		0
10		0
11		0
12		0
13		0
14		0
15		-53
;

param:		u		c :=
1,3		7		2
1,4		7		10
1,6		6		9
1,15		5		7
2,8		6		4
2,10		8		10
2,4		6		4
2,13		6		7
2,15		6		0
3,5		8		10
3,6		7		2
3,7		7		10
3,9		6		8
3,10		7		10
3,11		5		5
3,12		5		7
4,8		6		2
4,9		5		1
4,3		8		10
4,6		7		9
4,7		8		4
5,1		7		10
5,3		5		7
5,4		6		4
5,7		5		10
5,8		6		0
5,9		6		3
5,11		5		7
5,13		6		4
6,2		6		3
6,3		8		0
6,7		6		5
6,8		8		1
6,9		8		5
6,10		6		9
6,11		7		3
6,13		7		6
6,14		5		7
7,2		6		6
7,4		6		0
7,5		8		1
7,6		7		9
7,8		6		2
7,9		5		10
7,10		5		3
7,11		6		3
7,15		5		0
8,1		7		4
8,3		6		9
8,4		7		5
8,9		5		3
8,10		7		10
8,11		5		3
8,12		5		5
8,14		8		2
9,1		8		3
9,3		5		3
9,4		7		1
9,5		6		3
9,7		7		10
9,12		6		4
9,14		7		2
10,3		7		3
10,4		7		6
10,6		7		6
10,7		6		4
10,9		8		8
10,11		6		1
10,14		7		4
10,15		8		0
11,8		5		7
11,9		5		8
11,13		7		4
11,6		7		6
11,7		7		8
12,1		7		10
12,2		6		6
12,3		8		7
12,5		6		1
12,6		7		7
12,9		7		6
12,10		5		9
13,1		7		3
13,3		7		1
13,6		7		6
13,8		6		9
13,9		6		1
13,10		8		3
13,11		7		4
14,1		6		5
14,2		8		3
14,3		7		7
14,5		6		0
14,6		8		7
14,9		5		3
14,13		7		0
14,15		8		4
15,1		6		9
15,2		6		8
15,4		8		9
15,6		5		7
15,7		8		5
15,12		7		3
15,13		8		2
15,14		6		4
;

end;
