set Nodes := 1 2 3 4 5 6 7 8 9 10 11 12 13 14 15 ;
set Arcs := (1, 2) (1, 3) (1, 8) (1, 9) (1, 12) (1, 13) (1, 14) (1, 15) (2, 1) (2, 4) (2, 6) (2, 7) (2, 8) (2, 9) (2, 10) (2, 11) (2, 13) (2, 14) (2, 15) (3, 4) (3, 6) (3, 9) (3, 10) (3, 12) (3, 13) (3, 14) (3, 15) (4, 2) (4, 6) (4, 7) (4, 8) (4, 9) (4, 10) (4, 12) (4, 14) (5, 2) (5, 13) (6, 2) (6, 3) (6, 7) (6, 8) (6, 9) (6, 10) (6, 15) (7, 11) (7, 9) (7, 3) (7, 14) (8, 5) (8, 6) (8, 10) (8, 12) (8, 14) (8, 15) (9, 1) (9, 10) (9, 13) (9, 6) (9, 5) (10, 1) (10, 3) (10, 6) (10, 7) (10, 8) (10, 11) (10, 13) (11, 2) (11, 3) (11, 4) (11, 7) (11, 13) (11, 15) (12, 1) (12, 2) (12, 3) (12, 4) (12, 5) (12, 6) (12, 8) (12, 9) (12, 10) (12, 14) (12, 15) (13, 3) (13, 4) (13, 5) (13, 7) (13, 10) (13, 11) (13, 12) (14, 1) (14, 4) (14, 6) (14, 8) (14, 10) (14, 12) (14, 15) (15, 2) (15, 5) (15, 6) (15, 9) (15, 10) (15, 11) (15, 13) (15, 14) ;


param b :=
1		9
2		5
3		8
4		2
5		8
6		18
7		1
8		0
9		0
10		0
11		0
12		0
13		0
14		0
15		-51
;

param:		u		c :=
1,2		8		9
1,3		6		9
1,8		5		7
1,9		5		9
1,12		6		6
1,13		7		10
1,14		6		9
1,15		8		6
2,1		5		1
2,4		8		5
2,6		8		0
2,7		8		8
2,8		6		2
2,9		6		2
2,10		5		10
2,11		6		1
2,13		5		5
2,14		5		9
2,15		8		2
3,4		5		6
3,6		5		0
3,9		6		2
3,10		5		1
3,12		7		4
3,13		7		2
3,14		5		9
3,15		7		0
4,2		7		3
4,6		6		1
4,7		8		4
4,8		5		0
4,9		7		5
4,10		7		10
4,12		7		5
4,14		5		4
5,2		5		10
5,13		6		6
6,2		7		6
6,3		6		3
6,7		8		9
6,8		6		7
6,9		8		9
6,10		7		10
6,15		8		8
7,11		5		8
7,9		7		1
7,3		8		3
7,14		5		10
8,5		5		6
8,6		7		2
8,10		8		0
8,12		5		10
8,14		7		3
8,15		5		3
9,1		5		6
9,10		6		8
9,13		6		10
9,6		7		1
9,5		5		5
10,1		7		10
10,3		6		4
10,6		7		5
10,7		6		4
10,8		6		8
10,11		5		8
10,13		7		2
11,2		8		1
11,3		6		8
11,4		8		5
11,7		8		9
11,13		8		10
11,15		5		4
12,1		5		6
12,2		8		3
12,3		5		8
12,4		6		2
12,5		6		3
12,6		5		8
12,8		8		1
12,9		6		6
12,10		7		2
12,14		5		1
12,15		8		9
13,3		5		5
13,4		5		2
13,5		8		9
13,7		7		0
13,10		5		6
13,11		6		2
13,12		7		1
14,1		8		7
14,4		5		0
14,6		8		3
14,8		8		0
14,10		6		1
14,12		5		0
14,15		8		4
15,2		5		7
15,5		7		2
15,6		8		7
15,9		7		2
15,10		5		2
15,11		6		0
15,13		6		3
15,14		7		8
;

end;
