set Nodes := 1 2 3 4 5 6 7 8 9 10 11 12 13 14 15 ;
set Arcs := (1, 3) (1, 5) (1, 7) (1, 9) (1, 11) (1, 12) (1, 13) (1, 14) (2, 1) (2, 4) (2, 7) (2, 8) (2, 10) (2, 14) (3, 1) (3, 2) (3, 4) (3, 6) (3, 7) (3, 10) (3, 13) (3, 14) (3, 15) (4, 2) (4, 6) (4, 8) (4, 9) (4, 10) (4, 14) (4, 15) (5, 2) (5, 4) (5, 6) (5, 8) (5, 9) (5, 10) (5, 11) (5, 13) (5, 14) (6, 3) (6, 5) (6, 8) (6, 10) (6, 11) (6, 13) (6, 15) (7, 2) (7, 5) (7, 9) (7, 13) (7, 14) (7, 15) (8, 3) (8, 4) (8, 10) (8, 12) (8, 13) (8, 14) (8, 15) (9, 1) (9, 3) (9, 4) (9, 6) (9, 8) (9, 12) (9, 14) (10, 8) (10, 6) (10, 7) (11, 2) (11, 3) (11, 4) (11, 5) (11, 6) (11, 8) (11, 9) (11, 12) (11, 13) (12, 8) (12, 9) (12, 3) (12, 4) (12, 5) (13, 1) (13, 4) (13, 5) (13, 8) (13, 10) (13, 11) (13, 14) (13, 15) (14, 2) (14, 4) (14, 5) (14, 10) (14, 11) (14, 12) (14, 13) (15, 4) (15, 5) (15, 7) (15, 8) (15, 10) (15, 11) (15, 13) ;


param b :=
1		11
2		1
3		4
4		6
5		3
6		2
7		5
8		0
9		0
10		0
11		0
12		0
13		0
14		0
15		-32
;

param:		u		c :=
1,3		7		10
1,5		5		9
1,7		8		4
1,9		7		10
1,11		8		2
1,12		7		6
1,13		8		8
1,14		5		6
2,1		5		9
2,4		5		9
2,7		5		0
2,8		6		9
2,10		5		2
2,14		5		2
3,1		6		2
3,2		6		5
3,4		8		9
3,6		6		5
3,7		8		5
3,10		7		8
3,13		5		1
3,14		7		5
3,15		6		2
4,2		7		9
4,6		7		1
4,8		6		7
4,9		5		10
4,10		5		6
4,14		6		2
4,15		6		4
5,2		5		7
5,4		6		3
5,6		6		0
5,8		5		2
5,9		5		7
5,10		6		4
5,11		5		3
5,13		8		3
5,14		8		8
6,3		7		5
6,5		6		8
6,8		8		10
6,10		7		2
6,11		7		2
6,13		8		8
6,15		6		8
7,2		5		3
7,5		7		3
7,9		8		10
7,13		7		0
7,14		6		7
7,15		6		3
8,3		8		5
8,4		7		1
8,10		7		2
8,12		6		6
8,13		8		5
8,14		7		2
8,15		7		1
9,1		6		0
9,3		7		0
9,4		6		10
9,6		7		9
9,8		8		4
9,12		8		4
9,14		6		4
10,8		8		2
10,6		5		9
10,7		5		8
11,2		8		4
11,3		7		3
11,4		6		0
11,5		8		5
11,6		8		4
11,8		8		1
11,9		5		10
11,12		8		5
11,13		7		6
12,8		5		7
12,9		7		7
12,3		8		4
12,4		6		5
12,5		7		8
13,1		6		7
13,4		7		7
13,5		7		10
13,8		6		5
13,10		6		6
13,11		6		2
13,14		7		0
13,15		6		4
14,2		6		0
14,4		8		9
14,5		5		9
14,10		7		1
14,11		8		10
14,12		7		4
14,13		6		10
15,4		7		2
15,5		6		7
15,7		7		7
15,8		8		10
15,10		5		10
15,11		5		3
15,13		7		7
;

end;
